6 10 20 26 36 42 
1 6 10 16 25 31 
7 17 25 29 43 45 
1 7 16 22 27 37 
4 7 10 12 30 32 
4 16 19 29 41 42 
6 15 18 24 33 36 
2 8 24 28 32 42 
11 18 21 23 31 45 
8 19 22 23 28 43 
15 20 22 25 27 29 
2 12 20 21 26 39 
4 14 22 36 38 43 
12 21 22 28 36 44 
3 8 15 16 20 45 
4 11 12 25 37 44 
2 7 35 39 43 44 
2 3 9 22 31 41 
12 15 34 39 42 43 
5 20 25 28 42 43 
8 9 17 22 25 34 
7 9 19 26 28 34 
23 26 29 31 32 35 
1 5 14 29 38 41 
13 15 21 28 39 41 
6 9 12 13 37 45 
7 8 27 36 38 42 
8 10 17 27 32 35 
10 33 40 42 44 45 
12 13 19 25 30 33 
4 5 22 26 35 45 
20 22 30 35 37 41 
4 9 10 14 23 28 
2 4 15 19 21 24 
1 3 30 36 42 45 
5 16 24 38 39 44 
10 11 15 16 19 30 
2 3 6 23 38 43 
3 4 18 25 32 38 
20 23 32 33 36 41 
15 23 25 34 38 40 
1 11 20 28 34 39 
1 2 17 22 23 44 
21 30 32 37 38 44 
1 12 23 35 41 42 
14 23 24 27 30 39 
4 6 8 13 31 43 
5 17 24 30 41 43 
9 14 16 20 40 43 
7 13 16 32 40 41 
3 13 27 28 29 37 
11 12 17 26 27 40 
3 10 18 22 29 39 
3 5 13 16 23 26 
5 8 29 36 39 40 
10 18 27 34 41 43 
8 9 13 18 30 44 
10 13 17 20 38 45 
1 13 19 27 32 43 
2 4 27 30 33 45 
15 26 29 30 40 43 
9 25 31 32 36 39 
16 26 31 33 34 38 
14 15 31 35 37 42 
18 28 30 35 38 40 
3 14 17 19 33 39 
1 7 8 21 33 40 
4 13 21 34 35 36 
6 9 21 27 30 42 
6 19 29 32 34 44 
3 12 20 24 31 34 
1 6 15 17 28 32 
2 16 25 28 33 35 
8 19 31 37 39 45 
5 9 11 15 32 45 
2 5 10 34 36 37 
2 3 11 19 36 40 
1 2 18 25 26 37 
6 7 11 30 34 41 
7 20 23 24 37 40 
5 7 12 15 18 31 
5 6 17 19 21 40 
5 18 19 20 33 35 
3 7 14 21 24 25 
9 10 19 24 35 38 
3 5 11 27 35 44 
1 4 7 18 20 44 
10 11 21 33 37 43 
9 16 17 18 26 36 
11 13 18 22 24 42 
24 25 26 27 41 45 
4 17 23 33 37 42 
8 12 16 21 29 38 
4 6 16 35 39 40 
2 13 14 17 29 31 
1 9 11 24 29 33 
2 14 18 32 34 45 
6 8 12 14 22 33 
8 11 14 26 41 44 
14 27 28 31 40 44 
