1 25 26 37 43 45 
9 15 19 25 35 44 
5 16 30 39 42 45 
17 24 28 36 39 41 
11 21 25 34 36 42 
4 24 26 32 42 44 
3 6 8 18 22 24 
2 8 28 33 34 35 
5 9 10 23 24 43 
4 16 23 25 28 38 
2 7 9 18 21 45 
3 13 19 28 31 43 
3 5 14 21 29 33 
8 14 15 23 36 37 
20 29 39 40 43 44 
2 11 15 17 38 40 
1 19 33 40 41 42 
7 27 29 31 38 41 
17 18 20 31 32 34 
5 13 22 26 35 41 
1 6 10 32 38 39 
7 22 30 34 37 40 
3 9 12 16 32 36 
11 12 14 27 35 45 
10 11 16 19 26 29 
6 13 15 21 27 30 
4 10 12 20 33 37 
1 2 22 23 27 44 
