10 16 20 24 38 44 
7 20 30 33 34 40 
14 16 28 39 40 43 
1 8 19 22 25 35 
6 9 13 26 29 33 
9 16 18 22 41 42 
2 17 19 21 28 29 
7 29 32 37 38 41 
10 13 15 32 34 45 
1 15 21 24 31 41 
4 11 12 18 24 26 
1 3 7 10 17 18 
4 5 6 19 23 32 
14 18 19 30 31 37 
2 15 23 25 38 39 
8 11 17 30 32 36 
3 12 15 29 40 44 
16 21 23 34 36 37 
5 8 12 34 39 42 
1 2 9 20 27 43 
4 21 33 35 38 45 
13 24 25 28 37 42 
3 26 27 30 35 39 
17 23 26 41 43 44 
2 6 36 40 42 45 
7 9 11 14 25 44 
5 13 31 35 36 43 
3 5 14 20 22 45 
6 10 11 27 28 31 
