2 10 11 13 21 26 
10 20 25 28 35 37 
15 16 17 32 38 41 
1 7 19 22 27 37 
4 12 30 31 32 43 
4 16 19 24 29 42 
6 7 17 18 26 43 
5 8 27 28 32 42 
7 9 11 33 35 45 
5 12 20 33 36 41 
20 21 22 29 32 40 
2 8 12 16 18 35 
3 4 6 22 35 38 
1 3 14 21 30 36 
3 18 20 42 44 45 
4 8 37 39 40 41 
2 29 33 34 39 44 
9 13 24 28 34 41 
1 6 12 15 34 40 
5 13 14 16 25 43 
8 9 25 26 30 44 
3 26 27 31 33 40 
11 14 22 23 39 42 
1 5 9 10 29 38 
15 19 21 39 43 45 
6 13 23 36 37 44 
11 17 25 31 34 36 
10 14 17 24 27 45 
18 19 23 28 30 38 
2 7 15 23 24 31 
