2 3 10 13 19 26 
1 2 16 25 28 31 
7 19 30 38 43 45 
7 13 22 27 37 40 
10 18 29 30 31 34 
1 4 29 36 39 42 
6 7 16 18 21 36 
8 18 26 28 33 38 
11 13 23 28 41 45 
5 19 24 28 32 40 
10 20 32 35 41 42 
2 8 11 35 37 39 
4 11 14 22 24 38 
3 17 21 28 29 35 
3 16 20 37 44 45 
4 17 18 25 32 37 
2 27 29 33 43 44 
3 9 22 31 36 41 
6 12 15 19 34 42 
5 13 14 25 42 43 
8 9 25 30 40 44 
9 11 16 26 27 34 
4 15 21 31 40 43 
1 5 15 18 35 44 
9 14 15 20 33 39 
1 12 21 30 33 41 
1 7 8 23 24 34 
10 12 17 24 27 45 
6 17 23 38 39 40 
12 14 23 32 36 44 
5 6 20 22 26 30 
