4 10 13 21 26 33 
10 16 17 25 41 44 
13 17 22 30 38 43 
1 15 22 27 33 37 
7 12 14 30 31 32 
12 13 16 36 37 42 
7 18 24 29 33 36 
1 8 26 28 32 42 
11 23 29 32 40 45 
5 28 36 40 41 43 
19 20 21 22 32 42 
2 18 21 23 30 37 
1 3 4 6 30 36 
3 12 17 21 28 35 
3 16 18 20 44 45 
4 8 27 37 39 40 
2 14 29 39 43 44 
2 3 9 22 31 41 
3 7 15 23 42 43 
5 9 11 14 17 18 
8 9 15 24 25 30 
6 7 9 26 34 44 
4 16 23 24 31 35 
1 5 10 19 29 38 
6 15 19 28 31 45 
1 13 21 34 41 45 
8 14 27 34 35 36 
2 6 24 38 40 42 
25 31 33 34 38 39 
2 7 11 19 25 27 
5 12 20 24 26 39 
6 10 11 20 35 37 
