12 13 16 19 26 35 
10 11 25 31 36 38 
6 17 30 38 41 42 
1 7 19 22 37 38 
4 7 12 30 31 45 
9 16 27 29 32 33 
6 7 18 26 29 36 
5 8 26 28 32 37 
1 8 11 23 43 45 
24 28 30 33 36 40 
18 21 22 32 40 42 
2 8 21 30 35 44 
1 4 13 17 32 36 
1 3 12 21 28 29 
3 16 18 20 44 45 
3 4 25 27 37 40 
19 29 39 41 43 44 
2 3 9 22 31 41 
10 12 20 34 37 42 
5 13 14 25 42 43 
8 9 15 19 25 34 
5 7 11 27 34 39 
15 16 17 23 31 40 
1 5 6 9 40 44 
2 6 13 15 28 39 
11 14 15 21 33 37 
14 28 34 35 41 45 
10 17 22 24 27 45 
3 23 33 35 38 39 
2 7 23 24 25 32 
9 20 21 24 26 39 
4 6 20 22 35 43 
4 10 14 18 19 23 
