2 4 10 11 13 26 
10 16 25 30 35 41 
7 17 30 38 43 45 
1 19 22 30 33 37 
4 5 7 12 31 32 
2 7 18 19 27 28 
6 7 8 22 29 36 
1 8 26 28 42 44 
11 19 24 29 34 41 
5 28 36 40 41 43 
14 20 22 32 34 42 
8 12 14 35 39 40 
3 13 24 36 38 39 
3 12 17 21 28 29 
3 16 18 20 44 45 
4 8 23 27 37 41 
2 16 29 32 39 43 
2 3 9 22 31 41 
6 15 30 34 39 42 
1 3 5 6 11 27 
8 9 11 15 25 28 
9 13 26 27 34 40 
11 14 16 23 31 33 
5 9 23 29 35 42 
1 13 15 17 18 23 
6 13 21 32 35 45 
1 10 21 31 34 36 
10 12 24 27 33 45 
18 25 32 33 38 40 
6 12 19 25 43 44 
5 19 20 21 26 38 
17 20 24 31 35 37 
7 9 10 14 37 44 
2 4 15 21 24 44 
