3 8 13 19 26 37 
16 19 24 25 31 41 
7 17 30 38 43 45 
7 14 24 29 32 40 
4 10 12 13 31 32 
26 30 36 39 42 44 
2 12 14 16 18 45 
5 17 23 25 26 32 
9 11 26 28 40 45 
4 5 19 28 36 43 
7 22 25 28 35 42 
2 8 27 40 41 43 
3 7 18 23 31 36 
3 17 21 28 29 33 
5 10 11 18 20 24 
4 23 29 37 39 41 
1 22 32 37 43 44 
4 8 20 22 33 45 
3 12 20 34 41 42 
5 13 14 22 27 30 
8 9 15 18 25 34 
7 9 10 16 27 44 
2 10 17 19 22 34 
5 9 12 21 35 39 
2 20 28 31 38 39 
6 13 23 34 44 45 
11 32 34 35 36 38 
11 15 17 31 37 42 
1 10 23 33 38 40 
1 12 25 27 29 36 
6 18 19 21 27 38 
6 14 26 33 35 41 
13 15 16 20 35 40 
2 4 15 21 24 44 
1 3 6 11 16 30 
