1 2 4 13 25 39 
4 9 11 12 33 44 
8 9 10 32 34 39 
11 14 21 22 28 32 
8 24 26 40 44 45 
10 13 15 20 33 37 
1 3 19 21 34 44 
13 21 26 30 31 36 
7 14 25 26 38 41 
15 16 19 32 36 40 
3 12 24 36 41 42 
12 15 22 26 29 39 
2 11 20 29 30 43 
9 16 17 20 26 28 
7 18 23 30 32 33 
4 7 8 19 20 22 
1 7 17 29 31 42 
2 3 9 22 31 40 
3 8 13 18 27 35 
5 15 25 27 30 34 
2 27 32 37 41 45 
14 20 27 36 39 44 
4 14 16 24 29 37 
5 10 17 35 41 44 
2 6 14 15 18 42 
4 21 23 27 40 42 
1 6 10 12 28 30 
1 22 24 33 35 38 
13 28 38 42 43 45 
10 18 19 24 25 31 
9 19 23 35 37 43 
6 11 17 34 36 37 
5 11 16 23 31 38 
6 16 21 25 33 43 
18 28 29 34 40 41 
3 5 6 7 39 45 
