9 23 26 40 42 43 
1 5 10 12 20 22 
2 21 23 25 33 34 
2 11 22 27 32 43 
7 12 32 33 36 40 
13 16 23 28 31 39 
3 4 16 19 25 43 
4 17 20 28 38 45 
1 14 18 28 33 43 
14 16 22 34 37 44 
2 7 18 30 37 42 
4 8 14 24 40 41 
3 6 12 15 23 35 
3 5 37 38 39 40 
6 30 36 38 41 43 
3 7 8 10 21 28 
8 18 19 23 27 44 
2 3 9 17 29 44 
1 4 6 27 29 34 
7 15 24 25 38 44 
10 15 17 18 31 40 
12 13 25 27 30 45 
5 14 26 29 32 45 
4 5 11 15 30 33 
11 21 29 31 37 41 
6 11 18 20 24 26 
7 19 20 31 35 36 
13 20 32 41 42 44 
2 10 16 26 35 38 
22 25 29 35 39 42 
12 17 26 34 39 41 
6 9 22 31 33 45 
9 10 11 13 14 19 
1 19 21 24 39 45 
1 8 13 15 36 37 
5 16 17 24 36 42 
8 9 30 32 34 35 
