2 6 7 10 21 26 
10 16 22 25 31 41 
6 17 27 30 33 38 
1 7 14 27 37 39 
4 7 12 30 31 32 
1 4 5 9 29 45 
6 18 29 32 36 41 
8 16 26 28 32 44 
2 11 23 29 40 43 
5 7 15 28 40 41 
14 20 21 32 38 42 
2 5 8 17 35 39 
3 15 18 22 38 43 
3 17 19 21 28 29 
18 20 27 40 44 45 
4 8 23 27 37 42 
22 29 33 39 42 44 
1 2 3 9 31 41 
6 12 16 19 42 43 
5 13 14 25 43 44 
1 8 15 20 25 34 
5 18 24 26 34 37 
4 7 13 16 17 34 
1 10 19 35 38 44 
11 13 18 28 31 39 
12 13 21 33 37 41 
27 31 34 35 36 43 
10 17 20 24 43 45 
8 19 24 25 33 40 
3 12 14 26 35 40 
5 12 20 22 23 36 
6 9 11 22 35 37 
9 10 14 23 28 30 
4 11 15 21 24 44 
11 25 26 30 42 45 
9 16 24 36 38 39 
2 13 15 19 30 36 
3 23 32 33 34 45 
