2 6 10 13 16 26 
15 16 25 31 35 41 
1 17 26 30 38 43 
1 7 12 22 27 44 
6 8 21 30 31 44 
4 19 29 36 41 42 
1 6 9 18 29 33 
8 26 28 32 35 42 
8 11 23 40 43 45 
5 17 28 31 37 40 
16 19 21 22 23 32 
2 24 32 40 43 44 
3 4 6 14 27 38 
3 12 17 21 29 35 
3 16 18 20 44 45 
4 8 18 27 37 39 
7 11 14 19 26 31 
2 3 9 22 31 39 
6 12 15 34 39 43 
5 14 22 25 42 43 
8 20 25 28 29 34 
7 9 21 26 34 40 
4 13 23 33 35 44 
1 5 10 11 29 32 
11 13 15 21 28 33 
12 13 14 37 41 45 
1 2 14 34 35 36 
10 17 24 27 31 45 
10 19 25 33 38 40 
2 7 17 18 23 41 
5 20 26 39 41 44 
6 11 20 22 35 37 
9 10 14 23 28 30 
4 9 11 12 24 25 
7 30 33 36 42 45 
5 16 24 36 38 39 
2 15 19 20 27 30 
3 15 23 24 36 37 
13 18 32 34 38 42 
