2 10 13 18 21 26 
5 10 16 22 31 43 
17 26 30 35 38 43 
7 12 13 22 37 38 
4 7 25 30 32 45 
4 19 26 33 42 44 
7 18 24 31 35 42 
3 27 29 31 32 37 
8 11 19 22 24 29 
28 36 37 40 41 43 
14 20 21 24 32 34 
9 13 16 17 32 33 
3 4 6 8 13 43 
2 17 20 28 29 42 
3 16 18 20 44 45 
8 23 37 39 42 45 
7 14 29 39 43 44 
2 3 5 7 23 33 
12 15 18 33 34 43 
5 13 15 25 27 42 
1 3 19 25 28 34 
7 9 11 26 34 41 
4 16 21 23 29 35 
1 5 6 29 30 41 
6 15 21 22 28 39 
5 9 12 19 21 45 
8 27 34 35 36 44 
10 12 17 24 27 41 
8 10 25 33 38 40 
1 11 12 23 31 40 
4 5 17 34 39 40 
2 6 11 20 35 37 
9 10 14 23 28 30 
1 9 15 24 37 44 
3 11 22 30 36 42 
12 16 25 26 36 39 
2 14 15 16 19 40 
6 14 31 33 36 45 
1 4 14 18 27 38 
19 20 23 32 38 41 
