15 18 20 26 30 43 
7 10 16 21 25 41 
3 4 9 12 13 38 
1 7 12 15 22 28 
4 5 7 30 31 32 
4 19 20 33 36 42 
6 16 18 26 29 33 
2 8 26 28 32 42 
9 11 24 29 40 43 
5 6 19 28 40 45 
14 20 21 22 32 38 
2 3 16 30 39 40 
3 10 22 33 34 43 
3 8 17 19 21 29 
3 25 27 28 35 44 
4 8 14 37 39 41 
7 20 29 39 44 45 
2 9 18 22 31 41 
6 12 31 34 39 42 
5 13 14 25 42 43 
8 9 15 16 34 45 
5 9 21 26 27 39 
11 13 16 20 23 27 
1 5 10 29 35 38 
13 15 17 32 33 39 
13 18 21 35 37 45 
1 14 18 27 34 40 
10 12 17 24 27 45 
23 25 33 37 38 40 
2 11 12 14 19 25 
1 19 26 31 37 44 
2 7 17 34 36 37 
9 10 14 23 28 30 
2 4 6 15 24 44 
1 11 30 36 41 45 
16 24 28 31 36 38 
8 13 22 36 40 44 
3 6 23 32 36 43 
11 17 18 38 42 44 
19 24 32 34 35 41 
4 17 22 23 26 35 
