2 10 13 18 26 35 
10 16 22 25 34 41 
7 17 26 30 38 43 
1 7 18 22 27 42 
5 12 18 30 31 32 
3 4 19 35 42 44 
4 6 12 13 16 33 
1 8 11 25 26 32 
9 11 18 24 29 45 
28 36 37 40 43 44 
4 14 20 21 24 32 
7 12 15 24 34 35 
2 8 15 22 33 43 
3 12 21 25 27 29 
3 8 16 28 38 45 
4 8 27 37 39 41 
2 7 14 29 39 44 
2 3 9 31 40 41 
8 12 14 19 22 23 
5 13 14 25 42 43 
4 9 15 17 25 28 
19 24 26 27 28 34 
16 17 23 29 32 35 
1 5 6 10 28 29 
10 11 14 15 30 40 
7 19 21 33 37 45 
7 8 9 13 20 36 
10 12 17 36 42 45 
18 20 25 33 38 40 
11 13 21 23 28 31 
9 21 22 26 38 44 
6 11 20 22 35 37 
10 23 27 31 33 44 
1 13 17 24 41 44 
1 31 35 39 43 45 
5 15 16 26 36 39 
1 2 16 19 20 30 
3 6 23 24 30 36 
3 14 17 18 34 37 
6 15 19 32 38 41 
4 5 23 34 40 45 
9 30 33 34 39 42 
