2 7 13 17 20 26 
16 25 32 34 37 41 
14 17 19 33 34 40 
19 22 27 32 38 44 
4 10 11 31 32 40 
9 19 23 26 39 45 
6 9 18 20 29 40 
5 7 8 9 21 31 
7 15 29 32 43 45 
21 36 38 40 41 43 
14 21 22 28 29 39 
2 8 35 37 39 40 
4 5 18 22 33 43 
1 10 13 16 29 36 
3 8 16 20 33 44 
4 12 14 26 27 41 
7 11 18 39 41 44 
3 6 17 31 41 45 
1 6 12 15 34 39 
1 8 11 14 42 43 
3 9 14 15 37 38 
6 24 28 33 36 37 
14 16 23 24 31 35 
1 5 17 28 32 35 
8 13 15 25 27 28 
12 13 18 21 37 45 
3 7 27 34 35 36 
9 10 17 24 27 43 
7 10 23 25 33 38 
3 5 12 19 25 29 
26 29 31 37 42 44 
6 11 21 25 26 35 
8 10 22 26 30 34 
2 4 15 21 24 44 
1 24 25 30 40 45 
5 13 24 38 39 42 
2 5 11 16 27 30 
6 13 23 30 43 44 
2 3 18 23 28 42 
10 15 19 20 41 42 
4 20 28 34 38 45 
9 12 30 33 35 42 
11 12 17 22 23 36 
