5 6 10 13 21 26 
10 16 22 25 35 41 
6 8 12 30 31 41 
7 34 35 42 43 44 
4 7 10 23 31 32 
4 19 20 26 33 43 
1 6 7 14 18 22 
1 3 24 28 32 39 
26 28 29 30 35 45 
5 17 29 40 41 44 
21 27 30 32 40 43 
1 2 8 10 19 29 
11 20 22 23 28 36 
2 11 12 32 33 45 
3 20 21 31 44 45 
8 11 13 14 25 43 
7 8 17 20 37 39 
15 19 22 39 40 45 
12 13 27 29 36 39 
1 5 12 20 25 42 
4 8 15 27 28 42 
3 7 9 11 19 27 
22 24 29 31 37 42 
1 16 17 21 33 36 
12 16 18 19 28 37 
5 8 9 18 23 35 
3 5 14 33 34 37 
10 14 17 24 27 45 
7 24 25 33 38 40 
2 23 26 27 37 41 
4 9 12 22 38 44 
4 6 11 35 37 40 
9 14 16 26 40 42 
2 14 15 21 35 38 
1 23 30 34 38 45 
5 11 16 31 38 39 
2 4 13 16 24 30 
3 6 15 23 29 43 
3 13 17 18 38 42 
9 13 15 20 32 41 
2 9 17 25 31 34 
10 18 30 33 39 44 
15 18 24 26 34 36 
6 19 25 32 36 44 
