10 16 21 26 30 43 
25 27 33 41 43 44 
13 17 30 35 37 38 
1 4 7 22 33 37 
12 19 25 29 30 32 
3 4 8 13 16 19 
6 7 18 29 36 39 
2 5 8 11 26 33 
9 11 13 27 29 40 
8 10 20 22 32 41 
3 21 22 29 34 42 
2 4 10 35 39 40 
3 5 7 28 35 43 
8 12 17 21 40 44 
18 20 37 42 44 45 
4 11 14 38 41 45 
3 11 15 30 31 44 
2 9 17 31 36 41 
10 12 18 23 33 34 
12 13 15 22 43 45 
1 8 9 15 18 25 
7 13 24 26 32 34 
14 24 29 31 37 43 
1 5 10 29 38 44 
13 21 28 31 33 39 
6 12 26 28 37 41 
8 14 27 34 35 36 
10 17 19 24 28 45 
7 20 23 25 31 40 
2 7 14 15 19 42 
14 18 19 22 26 40 
6 11 22 24 25 35 
9 14 23 28 32 44 
4 15 20 21 24 27 
3 25 26 36 39 45 
9 12 16 20 38 39 
1 2 20 28 30 34 
2 3 6 23 27 38 
5 16 17 18 27 32 
15 32 33 36 38 40 
1 6 16 31 34 45 
4 5 6 9 30 42 
11 17 23 39 42 43 
5 19 21 23 36 37 
1 16 24 35 41 42 
