10 11 13 21 26 33 
10 16 17 22 25 41 
8 17 19 30 38 45 
1 14 22 32 33 37 
4 7 12 30 31 32 
9 19 29 34 36 42 
6 7 14 16 18 36 
4 6 23 26 28 32 
11 26 29 40 43 45 
5 7 28 37 40 41 
20 21 22 27 42 44 
2 8 14 26 35 37 
4 13 22 35 36 38 
3 12 17 21 28 29 
3 5 18 33 44 45 
3 4 10 37 39 42 
1 2 7 29 39 44 
2 3 9 22 31 41 
6 12 34 39 43 44 
5 13 14 25 42 43 
8 9 11 15 21 25 
1 18 25 27 28 34 
8 13 16 23 29 31 
1 6 10 15 29 38 
24 28 31 33 36 45 
9 12 13 18 37 45 
7 8 27 33 34 41 
10 12 14 17 24 27 
3 8 20 25 36 40 
2 7 19 23 24 25 
5 20 26 31 34 38 
6 11 20 22 24 35 
9 10 28 30 35 44 
4 18 21 24 41 43 
3 11 16 30 42 44 
5 9 16 24 32 39 
15 16 19 27 31 40 
2 6 9 27 33 38 
2 18 32 38 40 42 
13 15 19 20 32 41 
4 15 23 34 40 45 
17 19 33 35 39 43 
1 5 11 17 23 36 
21 27 30 36 37 43 
1 12 15 26 35 42 
14 18 20 23 30 39 
