2 10 11 13 26 28 
10 16 22 25 31 41 
7 28 30 35 38 45 
1 7 22 27 33 37 
4 12 27 30 32 44 
4 16 21 29 33 42 
6 7 14 17 31 40 
5 6 8 24 26 32 
11 27 29 40 43 45 
4 5 28 36 40 41 
10 21 22 32 40 42 
2 18 31 32 35 43 
3 4 13 22 35 39 
17 18 22 28 29 44 
3 5 16 20 44 45 
8 16 17 37 39 41 
7 10 11 18 39 44 
2 3 9 27 34 41 
6 12 15 34 39 43 
5 13 14 25 42 43 
1 9 15 25 28 32 
9 19 31 36 42 44 
13 15 23 26 29 31 
1 3 6 10 29 38 
5 21 28 31 33 39 
12 13 18 21 37 45 
8 13 27 34 35 36 
10 12 17 19 24 27 
23 25 33 38 40 44 
7 12 20 24 25 29 
17 20 21 26 30 34 
6 11 20 22 35 37 
4 9 10 14 23 37 
2 14 15 21 24 44 
3 8 11 15 30 42 
14 16 18 26 36 38 
1 2 16 19 30 40 
2 6 25 33 36 45 
2 8 9 12 22 38 
15 19 20 32 38 41 
4 18 23 24 34 45 
9 24 30 33 39 43 
1 5 11 17 23 36 
14 19 29 32 34 37 
1 12 26 35 41 42 
6 20 23 27 28 42 
3 7 8 19 21 43 
