2 13 18 26 31 35 
10 16 22 25 31 41 
8 17 26 38 43 45 
1 7 15 22 27 40 
4 7 12 30 31 32 
4 14 16 18 19 29 
6 7 13 16 18 36 
8 16 26 28 32 42 
11 16 23 34 40 43 
5 28 31 36 40 45 
21 22 32 40 42 44 
2 12 28 34 37 44 
1 3 4 22 36 43 
3 17 21 28 29 35 
3 15 16 20 44 45 
4 24 27 31 37 42 
7 11 29 39 41 44 
3 8 9 13 40 41 
6 12 15 19 21 43 
5 13 17 25 32 39 
9 15 25 29 34 42 
7 9 11 19 21 26 
6 14 17 31 33 44 
1 5 6 10 29 38 
1 13 19 24 28 33 
12 13 14 21 37 45 
8 14 27 34 35 36 
10 11 17 24 27 45 
7 23 25 33 37 38 
8 12 18 23 24 25 
5 20 22 26 33 34 
6 11 20 22 35 37 
9 10 14 23 28 30 
4 5 9 35 38 44 
3 11 30 33 42 45 
16 21 24 36 38 39 
17 19 20 25 30 40 
2 3 6 25 26 27 
3 10 18 32 34 37 
19 20 27 32 38 41 
4 6 34 39 41 45 
9 18 27 33 39 43 
2 15 17 23 32 36 
26 29 30 36 37 39 
1 12 23 35 41 42 
1 2 14 20 31 39 
4 8 10 15 21 33 
2 5 24 30 41 43 
