2 10 11 13 26 36 
10 15 16 22 25 37 
6 7 26 30 38 45 
1 7 19 22 23 27 
4 7 12 13 31 32 
4 14 16 19 26 42 
6 12 16 18 23 41 
5 8 24 26 28 32 
11 18 28 31 38 43 
2 6 19 28 37 40 
8 14 22 34 42 45 
1 8 31 35 39 45 
3 4 22 35 36 43 
3 12 17 21 28 29 
3 13 20 23 34 37 
4 8 11 17 27 37 
7 39 40 41 43 44 
3 9 22 26 31 41 
4 6 15 29 34 39 
5 6 9 13 25 43 
2 7 8 9 15 20 
18 26 27 34 36 44 
16 20 27 29 30 31 
1 5 10 29 38 44 
13 21 27 28 33 39 
9 19 21 37 44 45 
17 19 25 31 34 35 
10 12 24 27 40 45 
8 23 25 33 38 40 
7 14 18 24 25 29 
5 7 11 16 21 42 
6 11 20 24 33 35 
9 10 14 23 28 35 
2 4 21 23 24 44 
3 11 12 25 30 44 
9 16 24 36 38 39 
1 2 16 32 34 43 
2 3 14 17 27 38 
1 3 15 18 40 42 
11 15 19 32 38 41 
4 20 25 28 41 45 
9 17 30 33 42 43 
5 15 17 23 36 45 
14 21 30 32 36 40 
13 29 35 37 41 42 
17 18 20 22 32 39 
8 10 13 18 19 30 
2 5 30 33 34 41 
1 12 14 20 33 37 
