2 10 20 26 28 33 
10 16 22 25 31 41 
7 13 30 35 38 45 
1 7 8 22 27 28 
4 12 28 30 31 40 
1 20 21 25 40 43 
6 7 14 16 18 36 
5 15 18 26 32 35 
11 12 14 19 22 26 
9 26 29 36 40 41 
21 22 24 32 42 44 
2 8 14 35 39 40 
3 4 13 22 36 43 
13 14 17 28 29 34 
3 5 20 41 44 45 
4 27 29 32 37 39 
7 17 26 39 43 44 
2 5 7 19 21 31 
6 9 12 15 34 43 
5 14 27 33 42 43 
15 25 28 37 42 45 
11 16 26 30 34 42 
16 19 23 29 43 45 
1 5 6 10 29 38 
11 21 28 38 39 41 
12 13 18 21 37 44 
27 31 34 35 36 44 
10 12 24 36 39 45 
15 23 33 38 40 44 
7 11 24 25 29 33 
14 24 26 31 37 38 
6 11 17 20 35 37 
9 10 14 21 23 30 
2 9 11 13 31 32 
3 8 15 22 29 30 
3 9 16 24 28 35 
1 2 4 15 16 17 
2 3 6 23 25 27 
9 17 18 19 38 42 
13 15 19 20 24 27 
4 6 21 33 34 45 
1 3 18 31 33 39 
5 8 11 17 23 36 
1 19 30 32 36 37 
1 12 23 35 41 42 
18 20 22 23 34 39 
4 8 10 19 25 44 
2 18 24 30 41 43 
8 12 16 20 32 38 
3 7 10 32 34 40 
