5 13 26 29 32 34 
10 16 25 31 39 41 
6 8 13 14 19 41 
1 18 19 22 27 31 
4 11 12 17 30 31 
4 5 19 20 21 36 
4 6 16 29 36 42 
2 14 28 32 42 45 
11 19 29 40 43 45 
9 13 28 31 40 44 
5 25 30 37 40 42 
2 8 21 29 31 35 
14 15 22 34 36 40 
3 6 12 21 32 44 
8 11 18 33 37 44 
3 4 32 35 39 40 
2 7 27 39 43 44 
2 3 5 9 22 41 
2 12 16 34 37 38 
14 21 25 26 27 38 
4 8 22 23 25 28 
8 10 12 20 26 40 
13 15 16 23 24 44 
10 22 29 30 38 44 
7 16 19 26 28 30 
1 4 26 37 41 45 
13 27 30 33 35 36 
5 9 12 24 27 45 
9 23 32 33 38 43 
7 12 15 25 29 33 
16 17 21 22 33 45 
6 20 22 35 37 43 
7 9 11 14 16 35 
2 6 17 18 24 40 
1 17 20 25 34 44 
1 8 24 36 38 39 
1 3 8 15 30 43 
3 24 26 31 33 42 
5 15 17 18 35 38 
11 15 20 27 32 41 
6 7 23 31 34 45 
9 17 19 34 39 42 
2 10 11 23 26 36 
7 10 19 24 32 37 
1 12 23 35 41 42 
14 18 20 23 30 39 
10 13 18 21 42 43 
11 21 24 28 34 41 
1 5 6 10 28 33 
3 7 13 20 38 45 
3 17 27 28 29 37 
