1 8 10 13 26 36 
3 10 11 16 22 25 
6 17 18 22 29 30 
1 14 15 22 27 40 
1 4 9 12 30 32 
4 14 20 29 34 36 
1 5 6 16 28 34 
3 5 7 8 24 45 
2 11 26 29 40 41 
6 28 35 36 40 43 
7 16 32 33 37 40 
2 8 18 31 42 44 
2 3 22 34 43 44 
6 12 14 19 26 44 
1 18 20 25 33 45 
4 6 8 37 39 41 
1 7 11 17 19 43 
3 9 14 17 31 41 
11 12 15 31 34 39 
4 5 25 26 42 43 
8 9 15 23 25 28 
7 18 26 27 34 35 
2 4 13 16 23 27 
5 10 12 17 37 44 
13 18 21 28 32 41 
9 11 13 37 42 45 
3 19 27 33 39 42 
6 10 21 24 27 31 
24 30 33 34 38 41 
7 12 13 24 25 29 
5 21 22 26 38 39 
2 6 7 9 20 38 
7 10 14 28 30 42 
1 15 21 29 35 44 
4 16 30 31 35 45 
13 20 30 39 40 44 
15 16 17 24 36 42 
5 13 23 31 33 36 
2 17 25 32 35 39 
3 15 20 23 26 32 
17 21 23 34 40 45 
9 10 29 33 39 43 
8 11 14 33 35 38 
19 21 25 30 36 37 
12 22 23 35 41 42 
14 18 23 24 37 43 
4 10 18 19 38 40 
19 20 22 24 28 31 
8 12 16 20 21 43 
2 5 15 19 41 45 
3 27 28 29 37 38 
11 27 32 36 44 45 
