1 2 4 10 18 28 
15 22 27 34 36 42 
3 30 34 35 38 45 
1 7 26 27 31 33 
4 12 13 30 31 32 
11 19 20 31 42 45 
6 7 18 24 29 42 
5 8 26 32 37 43 
8 11 12 29 40 45 
5 28 31 35 36 38 
10 17 32 34 39 40 
2 8 23 37 39 42 
3 13 19 22 40 43 
2 3 6 12 15 17 
3 18 20 21 32 44 
4 25 36 39 44 45 
2 19 26 29 34 44 
3 22 24 31 39 41 
15 18 31 34 39 43 
13 14 25 26 35 42 
6 8 9 25 28 34 
7 9 10 15 20 35 
16 21 23 29 35 43 
1 13 15 29 38 44 
7 11 13 21 28 39 
2 15 21 33 37 45 
8 13 20 33 36 41 
10 12 24 27 43 45 
10 19 23 25 33 38 
5 7 12 18 22 25 
17 20 21 22 26 38 
4 6 11 22 35 37 
9 14 22 23 28 44 
8 14 21 24 30 31 
3 10 11 16 26 36 
5 9 16 33 39 45 
1 2 16 25 30 40 
1 6 14 32 36 45 
24 27 33 35 40 44 
15 19 24 28 32 41 
4 15 20 23 26 40 
17 28 30 33 42 43 
1 5 11 17 23 24 
9 18 19 30 36 37 
1 9 12 21 41 42 
6 13 16 18 23 27 
4 7 8 16 17 19 
5 6 10 30 41 44 
12 14 16 20 34 37 
7 14 38 40 41 43 
17 25 27 29 37 41 
2 9 11 27 32 38 
3 4 5 14 29 33 
