2 10 21 26 35 36 
10 16 17 22 25 41 
7 12 13 17 26 44 
1 7 22 32 43 45 
4 11 12 30 32 44 
5 13 16 19 29 42 
6 7 14 18 29 36 
5 8 26 28 32 45 
8 11 25 38 39 45 
5 31 33 36 40 44 
8 21 22 25 42 44 
2 8 9 14 17 37 
4 14 22 24 28 38 
6 12 17 21 28 40 
3 16 18 20 44 45 
4 27 31 37 39 42 
29 34 39 41 43 44 
3 9 12 15 22 29 
6 10 11 15 31 42 
5 14 15 25 35 43 
3 13 24 25 31 34 
1 4 6 9 25 27 
23 24 26 29 31 37 
1 10 20 29 33 35 
1 13 15 18 28 39 
13 21 33 37 41 45 
7 8 16 27 34 35 
10 12 19 24 27 45 
24 25 32 33 40 42 
2 12 18 23 25 34 
4 5 7 20 21 38 
6 11 20 22 35 37 
7 9 10 23 28 44 
15 21 24 27 43 44 
3 28 30 35 36 42 
9 16 24 32 36 39 
1 15 16 30 37 38 
3 6 26 34 38 43 
3 10 17 18 32 38 
8 13 19 20 23 30 
4 15 23 34 40 45 
9 18 30 33 42 43 
1 5 11 17 23 36 
19 21 32 34 36 37 
1 12 14 23 41 42 
14 20 26 30 39 40 
4 8 19 36 41 43 
2 5 6 24 30 41 
2 16 20 28 31 43 
9 31 35 38 40 41 
17 27 28 29 30 33 
2 11 13 14 27 32 
2 3 7 19 33 39 
11 18 19 22 26 40 
