2 10 13 15 18 21 
10 11 22 25 39 41 
2 21 22 26 38 45 
1 15 22 24 27 37 
1 4 13 16 17 32 
17 19 22 28 42 44 
11 14 15 16 29 36 
8 11 24 26 28 32 
3 11 19 23 29 45 
18 27 28 30 40 43 
4 22 23 31 32 43 
2 5 12 37 41 44 
2 3 4 24 25 30 
3 12 21 28 35 39 
8 16 18 20 44 45 
4 9 29 37 40 42 
7 19 30 39 43 44 
3 8 9 17 31 33 
12 15 26 31 39 42 
5 13 14 25 42 43 
1 7 8 15 25 35 
7 26 27 29 33 34 
16 24 30 31 34 41 
1 5 10 28 29 31 
6 7 13 20 28 38 
13 14 33 37 39 45 
3 13 26 27 36 41 
10 12 17 24 27 45 
12 23 25 33 38 40 
4 7 9 12 18 36 
9 19 20 21 25 34 
6 11 20 27 31 35 
9 10 14 32 35 44 
4 6 21 24 33 44 
30 33 35 36 42 45 
5 6 9 16 38 39 
2 16 19 26 35 40 
2 6 10 23 34 36 
3 18 32 34 38 42 
15 19 20 32 33 41 
4 5 15 28 34 45 
1 2 9 11 33 43 
5 7 17 18 23 35 
5 21 30 32 36 37 
1 8 21 23 41 42 
1 14 20 23 26 30 
4 8 10 14 19 38 
24 29 35 38 41 43 
3 7 10 16 37 43 
7 14 21 31 40 41 
6 17 18 25 26 37 
1 27 31 36 38 44 
6 8 12 22 29 30 
11 13 22 34 40 44 
17 20 24 36 39 40 
