2 8 10 18 21 26 
10 16 22 25 31 41 
7 15 17 25 30 45 
1 7 12 22 37 38 
2 5 12 20 30 31 
2 4 9 27 29 42 
6 7 16 18 29 36 
12 25 26 28 29 36 
8 11 23 24 29 45 
5 6 14 19 44 45 
1 16 20 21 34 42 
26 35 37 39 40 44 
2 15 22 24 35 36 
3 11 14 21 31 35 
3 4 18 20 28 45 
8 18 25 27 37 39 
1 15 29 31 43 44 
3 8 9 31 36 41 
4 11 12 13 34 39 
3 5 13 25 42 43 
8 17 22 28 34 44 
7 9 14 24 26 34 
4 16 23 26 31 33 
5 9 10 29 34 35 
6 13 15 21 27 28 
2 13 33 37 41 45 
1 18 24 30 33 35 
3 10 12 17 24 27 
6 20 25 33 38 40 
1 2 7 11 19 25 
5 21 22 27 40 45 
9 20 22 23 37 43 
10 13 14 23 28 30 
4 21 24 25 41 44 
1 3 6 26 30 42 
5 16 24 38 39 45 
9 11 15 16 30 40 
2 6 17 23 32 34 
9 13 18 32 38 44 
14 15 20 26 32 41 
1 10 13 36 40 45 
9 17 21 33 39 43 
1 4 5 17 23 36 
19 21 30 32 36 37 
12 19 23 35 41 42 
7 10 20 23 39 44 
4 8 10 15 19 38 
4 6 8 32 35 43 
8 12 14 16 40 43 
7 28 31 32 40 42 
11 14 17 37 38 42 
11 27 32 33 36 44 
3 19 22 29 33 39 
5 11 18 28 41 43 
13 17 19 20 24 31 
27 30 34 38 41 43 
