2 3 10 18 35 42 
10 22 25 31 39 41 
7 17 30 38 43 45 
1 7 14 15 22 37 
4 9 17 25 32 34 
4 7 13 19 41 42 
6 7 16 18 21 29 
3 8 26 28 32 36 
9 11 18 23 24 45 
12 18 20 36 40 42 
21 22 24 32 42 44 
8 24 29 31 35 39 
4 22 33 35 36 43 
3 12 14 19 27 31 
3 16 20 41 44 45 
4 5 18 27 37 39 
1 19 26 39 43 44 
2 9 14 36 38 41 
2 5 15 29 34 42 
11 13 14 25 28 35 
9 12 15 21 28 39 
7 9 26 27 29 33 
4 16 23 31 33 38 
5 10 19 23 28 45 
13 15 23 27 36 44 
2 12 13 33 37 45 
7 8 34 35 36 45 
6 10 12 17 24 27 
10 25 33 38 40 44 
2 3 7 23 25 43 
5 20 22 26 29 38 
2 6 28 30 31 44 
6 8 22 23 37 40 
1 2 4 24 28 40 
1 16 25 27 30 42 
10 16 24 26 34 37 
2 11 16 19 22 32 
1 3 6 13 34 38 
1 10 18 29 32 43 
6 15 20 27 32 35 
4 15 26 30 40 45 
9 20 31 37 42 43 
1 5 11 17 36 44 
19 21 25 30 36 37 
1 12 21 23 35 41 
14 20 23 30 34 39 
4 8 10 11 20 21 
5 24 30 32 33 41 
5 8 12 14 16 43 
5 7 13 21 31 40 
3 17 28 29 37 41 
9 16 17 19 35 40 
3 6 11 33 39 42 
14 15 17 18 26 31 
8 15 19 24 25 38 
11 27 34 40 41 43 
8 9 13 18 22 30 
