13 15 18 26 35 43 
10 16 22 25 26 31 
6 13 17 19 38 45 
2 12 13 22 27 37 
4 6 12 28 30 31 
4 14 19 27 29 42 
1 9 16 18 29 34 
5 8 16 28 37 40 
8 11 23 24 29 45 
14 18 22 28 36 45 
4 11 22 32 34 39 
2 8 14 33 37 38 
1 3 4 8 25 36 
3 6 14 16 21 43 
16 20 27 32 44 45 
6 8 18 27 31 39 
7 25 29 37 39 43 
2 3 9 31 41 45 
15 31 34 37 42 44 
5 13 14 24 25 41 
4 9 20 25 35 38 
5 7 9 21 26 27 
4 7 13 16 23 33 
5 6 10 29 35 44 
13 21 28 33 39 42 
1 10 26 37 39 45 
7 8 10 12 34 36 
10 24 27 28 32 35 
17 23 25 27 30 40 
12 17 18 25 32 33 
21 22 29 30 38 41 
11 18 20 21 35 37 
9 10 11 14 15 23 
2 4 17 21 24 44 
5 30 33 34 35 45 
15 16 36 38 39 41 
2 7 11 16 19 42 
2 3 6 23 26 34 
3 10 18 38 40 42 
10 15 19 20 33 41 
12 15 21 25 40 45 
6 9 24 36 42 43 
1 5 11 17 31 38 
19 23 30 32 36 37 
1 12 23 35 41 42 
14 20 24 26 30 39 
19 23 28 38 43 44 
1 2 5 15 32 43 
1 7 18 30 41 44 
7 14 31 32 35 40 
3 7 15 17 28 29 
11 12 26 33 36 44 
3 5 9 12 19 39 
1 19 22 24 33 40 
13 20 29 31 36 40 
11 27 34 40 41 43 
8 9 13 30 32 44 
8 17 20 22 42 43 
