10 13 21 25 26 31 
7 10 22 39 40 45 
17 20 28 38 43 45 
1 12 13 14 22 37 
4 6 12 17 30 31 
1 4 19 26 42 45 
6 16 26 29 37 44 
8 16 22 26 28 32 
11 14 24 25 34 45 
5 19 25 28 33 40 
20 21 22 34 42 44 
3 8 14 17 19 39 
4 18 22 25 35 36 
3 7 11 12 21 28 
1 2 3 6 20 33 
23 25 27 37 38 39 
2 4 7 25 29 43 
3 4 9 10 37 41 
12 15 18 34 39 43 
3 5 13 15 29 42 
9 11 19 31 35 38 
2 5 9 26 27 34 
4 16 23 31 33 34 
1 10 28 29 34 35 
6 13 25 32 35 41 
15 17 21 33 35 37 
7 8 27 33 36 42 
4 13 20 24 27 28 
1 16 25 30 38 42 
2 10 12 19 23 24 
14 18 26 33 38 41 
5 7 16 18 20 35 
6 7 9 14 23 28 
1 7 15 24 31 44 
3 27 30 35 40 45 
5 6 21 24 38 39 
2 11 15 22 30 41 
3 13 32 34 36 38 
17 18 24 32 40 42 
10 14 15 19 20 32 
2 28 36 39 41 44 
6 10 11 18 37 42 
1 5 11 17 23 36 
19 21 30 36 37 43 
14 23 35 42 43 44 
20 23 26 30 32 39 
4 8 10 15 38 40 
1 5 8 24 41 43 
9 12 15 16 36 45 
2 5 31 32 37 45 
7 17 19 29 34 41 
11 12 27 32 33 44 
9 22 24 29 33 39 
2 11 13 16 40 43 
12 20 29 31 36 40 
14 16 21 27 40 41 
8 9 13 18 30 44 
8 18 21 23 29 45 
3 6 22 27 31 43 
