1 2 10 18 21 26 
5 16 23 28 31 34 
4 6 7 30 38 42 
1 12 22 27 30 40 
4 5 8 26 31 32 
4 14 19 29 35 45 
6 16 18 29 36 41 
6 8 15 19 26 45 
1 5 11 12 19 20 
2 18 28 35 40 43 
2 5 17 22 42 44 
2 4 8 11 16 39 
8 10 15 22 36 43 
3 4 12 21 28 36 
3 7 10 20 44 45 
8 25 27 28 37 42 
6 19 25 39 40 44 
3 9 18 19 22 31 
12 15 18 34 39 42 
5 13 14 18 25 43 
1 22 24 25 32 34 
7 17 19 26 28 41 
5 7 9 16 21 22 
1 28 29 37 38 44 
13 21 22 23 39 45 
2 13 33 37 41 45 
7 27 33 34 35 36 
4 6 10 17 24 27 
10 19 21 25 33 42 
2 7 12 24 25 29 
9 20 26 27 38 45 
6 11 20 22 35 37 
9 10 11 14 28 30 
15 21 24 31 35 44 
1 3 16 42 43 45 
5 24 36 37 38 39 
15 16 17 20 25 30 
2 6 14 23 34 38 
3 11 17 18 32 38 
10 20 28 32 39 41 
4 9 15 34 37 40 
6 9 29 32 33 43 
11 23 25 26 36 44 
2 19 30 32 36 37 
1 9 23 35 41 42 
8 18 20 23 24 33 
8 14 17 21 29 40 
3 23 24 30 41 43 
12 17 31 37 43 45 
7 14 31 38 40 41 
3 5 15 29 33 40 
12 14 16 32 33 44 
3 14 26 27 35 39 
11 13 16 24 26 40 
13 20 29 31 36 42 
11 21 27 34 41 43 
8 9 13 30 34 44 
8 10 12 13 35 38 
7 13 15 23 27 32 
1 4 30 31 33 39 
