10 13 21 26 32 35 
10 16 22 25 31 41 
7 15 35 38 43 45 
5 7 12 18 22 37 
4 11 12 30 31 32 
4 8 14 16 19 42 
7 16 18 21 23 36 
5 26 28 42 44 45 
6 9 18 19 29 45 
5 19 27 30 35 40 
1 8 19 21 24 34 
2 8 31 35 37 43 
4 17 22 34 43 44 
3 12 14 17 21 28 
3 16 27 37 39 44 
1 4 25 26 37 39 
1 2 7 11 14 44 
1 3 9 13 31 42 
2 6 12 15 39 42 
13 14 24 25 27 43 
2 9 22 28 32 34 
4 7 9 20 26 27 
23 24 26 29 31 44 
1 5 10 29 32 38 
4 15 18 28 33 38 
2 5 13 33 41 45 
5 6 7 25 34 35 
10 12 17 24 27 45 
6 10 21 30 33 44 
12 13 19 23 25 38 
11 20 21 22 38 42 
6 11 20 24 28 37 
9 10 14 15 34 37 
2 4 15 21 24 40 
12 16 26 30 34 45 
5 9 16 24 38 39 
1 15 16 17 20 30 
2 3 6 26 36 38 
3 18 24 32 35 42 
15 19 20 32 41 44 
3 4 23 34 40 45 
9 17 25 33 40 42 
5 15 17 23 31 36 
21 25 36 37 41 45 
1 12 23 28 35 41 
2 14 18 20 23 39 
8 10 22 28 36 40 
7 29 30 41 42 43 
8 12 20 33 36 43 
6 13 14 16 31 40 
2 17 27 29 37 38 
11 16 27 32 33 36 
3 14 22 29 30 33 
10 11 19 26 40 43 
13 20 29 35 36 39 
11 18 27 34 40 41 
8 9 13 18 30 44 
6 8 17 32 39 41 
1 6 22 23 27 43 
7 19 28 31 33 39 
3 8 11 15 25 29 
