3 6 10 21 26 44 
10 16 22 25 31 41 
7 17 35 38 43 45 
1 7 15 19 22 27 
5 7 12 25 30 32 
2 4 12 16 19 40 
6 7 16 18 29 36 
1 4 6 13 28 41 
2 6 8 11 24 45 
5 28 35 40 42 44 
20 21 22 24 32 42 
2 12 26 32 35 37 
4 10 24 30 35 36 
12 17 21 28 34 39 
3 20 25 36 41 45 
3 4 8 27 39 42 
7 29 33 39 41 44 
2 3 5 9 22 41 
12 15 18 22 44 45 
5 13 14 27 42 45 
9 15 25 28 34 37 
7 9 19 24 26 34 
5 8 16 21 23 26 
1 5 10 29 34 38 
1 13 18 21 25 35 
2 31 34 37 42 43 
8 27 33 34 35 36 
8 17 24 25 31 40 
10 18 23 33 37 40 
2 7 13 23 24 28 
4 20 25 26 33 38 
6 11 20 22 35 37 
9 11 14 23 35 39 
4 11 15 21 31 44 
1 26 29 30 31 45 
16 24 37 38 39 44 
15 16 17 20 23 30 
2 6 14 17 25 44 
6 17 18 27 32 38 
8 14 15 19 32 41 
4 22 23 34 40 45 
6 9 30 33 42 43 
1 11 17 26 36 42 
14 19 21 30 36 37 
12 23 29 38 41 42 
1 2 14 18 20 39 
8 10 15 28 38 43 
4 5 18 24 41 43 
9 10 12 16 20 27 
3 7 14 31 38 40 
3 17 27 28 29 37 
3 11 13 16 32 34 
1 3 12 14 24 33 
13 22 26 39 40 43 
2 13 15 29 36 40 
11 21 27 30 40 41 
8 9 13 18 30 44 
10 13 17 19 33 45 
1 23 27 32 43 44 
5 19 20 28 31 33 
3 11 19 25 29 43 
6 9 31 32 36 39 
