1 2 10 13 26 40 
10 16 22 31 37 41 
7 17 35 38 43 45 
7 15 22 27 36 40 
4 7 12 30 31 34 
1 4 7 9 16 33 
6 16 18 23 29 36 
5 8 16 23 26 32 
11 19 23 34 40 45 
17 18 33 35 40 44 
20 22 24 32 34 42 
6 8 12 26 37 44 
3 4 28 32 35 43 
1 14 17 21 28 44 
18 19 27 31 42 44 
4 37 38 39 40 42 
10 14 24 29 36 43 
2 5 9 27 29 41 
10 15 18 26 34 39 
5 13 14 19 25 42 
1 8 15 25 28 45 
6 7 19 24 26 28 
4 13 23 29 31 35 
3 5 7 10 11 44 
3 6 13 15 21 39 
2 13 28 33 37 45 
8 27 33 34 35 36 
10 12 17 24 27 45 
7 15 20 23 43 44 
2 7 12 18 25 32 
21 22 25 26 29 35 
6 11 14 20 35 37 
9 10 22 23 28 30 
2 4 21 24 41 44 
3 14 26 30 42 45 
5 16 24 25 38 39 
2 15 16 19 30 35 
2 3 6 34 36 38 
1 3 9 17 19 32 
15 18 20 28 38 41 
5 18 21 34 37 43 
6 30 33 39 41 43 
4 11 17 25 26 36 
19 21 30 32 36 37 
1 12 23 35 41 42 
2 14 17 23 27 39 
4 8 10 14 19 38 
4 5 6 20 22 45 
9 12 14 16 20 43 
7 14 31 32 40 41 
15 17 29 34 37 42 
11 13 27 32 38 44 
3 12 19 22 29 33 
2 8 11 22 42 43 
1 20 29 30 39 40 
11 16 21 27 28 40 
8 9 13 18 24 30 
8 13 17 20 36 41 
1 6 25 27 31 43 
5 11 12 15 31 33 
3 23 24 25 37 40 
9 31 36 39 44 45 
9 20 21 26 33 38 
