1 10 13 25 26 27 
8 17 20 23 25 34 
7 17 35 38 43 45 
1 4 10 18 24 28 
4 7 12 25 30 31 
4 5 21 30 33 41 
6 13 16 17 29 41 
5 8 11 26 28 32 
7 11 18 21 23 29 
2 6 25 28 33 40 
21 22 24 25 32 42 
16 18 31 33 34 42 
4 14 16 22 36 43 
3 12 16 21 28 44 
10 20 32 33 44 45 
4 8 27 37 39 42 
1 2 7 29 43 44 
8 9 22 31 41 45 
3 6 7 10 15 42 
5 12 13 28 34 43 
9 14 19 25 33 45 
7 9 19 24 26 34 
11 13 14 23 24 30 
5 10 14 29 38 42 
13 15 22 28 30 39 
2 13 21 34 37 45 
2 10 34 35 36 41 
12 18 24 27 36 45 
1 22 23 37 38 40 
5 15 18 25 35 37 
5 9 20 21 27 40 
6 11 20 22 24 37 
9 10 16 23 30 35 
2 4 15 17 24 44 
6 16 23 26 42 45 
5 16 24 31 38 39 
1 11 15 16 19 20 
3 4 6 13 19 35 
3 17 18 22 32 34 
18 19 20 28 38 41 
4 15 29 34 40 45 
9 11 18 30 42 43 
1 3 5 17 33 36 
19 29 30 32 36 37 
1 12 23 35 41 42 
2 3 14 20 23 39 
8 10 19 21 31 43 
3 26 30 37 41 43 
1 6 8 12 14 15 
7 14 16 32 40 41 
14 17 27 28 31 37 
2 4 11 12 32 38 
12 22 26 29 33 39 
10 11 17 19 39 40 
13 20 31 36 40 42 
6 27 30 34 38 44 
7 8 13 33 38 44 
11 25 36 39 41 44 
15 23 27 32 33 43 
2 5 7 19 22 27 
3 8 24 29 35 40 
1 6 9 31 32 39 
9 15 21 26 36 38 
14 18 26 35 40 44 
