6 10 13 22 26 44 
16 18 22 25 27 41 
9 18 37 38 43 45 
7 8 17 19 23 38 
4 7 12 30 31 45 
4 16 19 29 32 35 
6 7 9 16 21 42 
2 5 8 26 28 32 
8 11 14 29 44 45 
1 5 6 12 34 40 
19 20 24 28 41 42 
1 4 6 17 33 41 
3 4 9 14 22 36 
3 12 19 35 39 40 
3 7 28 39 41 44 
4 8 27 37 39 42 
1 2 7 35 36 43 
1 2 9 22 31 40 
14 15 17 34 36 42 
13 14 19 26 37 43 
8 9 24 25 34 39 
7 9 20 26 27 34 
16 23 31 34 37 44 
2 5 9 29 37 41 
1 13 15 21 28 39 
12 13 25 31 32 42 
8 13 21 23 35 41 
10 17 24 35 42 45 
7 10 25 33 37 40 
11 12 26 30 36 41 
5 19 21 22 34 45 
6 11 20 22 35 37 
6 14 23 25 28 30 
2 4 17 21 25 44 
1 3 11 16 26 45 
5 10 16 36 38 39 
2 6 15 19 27 45 
2 3 13 33 34 38 
5 11 15 17 18 32 
14 15 32 38 40 41 
4 15 23 26 40 45 
9 15 30 35 38 44 
20 32 33 36 44 45 
21 24 30 32 36 37 
2 10 12 14 21 27 
2 14 18 20 23 39 
3 8 10 15 20 31 
5 22 23 30 33 42 
8 12 16 28 33 43 
10 29 30 34 39 43 
3 17 27 28 29 37 
9 10 11 12 23 32 
12 15 22 24 29 33 
4 5 7 11 13 24 
13 18 27 29 36 40 
11 21 40 42 43 44 
1 8 18 19 30 44 
13 16 17 20 30 40 
1 23 24 27 32 43 
11 19 25 28 31 36 
1 20 25 29 38 42 
3 6 18 24 31 43 
21 26 29 31 33 38 
5 14 27 31 33 35 
4 10 18 28 34 35 
