1 2 8 28 40 42 
10 16 22 25 34 41 
7 17 24 35 43 45 
1 6 15 33 38 45 
1 7 20 30 31 34 
4 29 33 35 36 42 
6 7 16 18 36 38 
3 8 9 25 32 45 
9 20 24 29 38 40 
6 9 19 25 40 44 
18 20 21 24 32 42 
8 18 24 33 37 41 
1 3 4 19 21 22 
12 17 21 28 41 44 
10 16 20 33 44 45 
2 4 8 27 30 38 
1 26 29 37 43 44 
2 9 26 31 36 41 
5 6 12 34 42 43 
13 14 24 25 39 42 
9 15 17 18 22 30 
9 19 21 27 33 34 
1 4 11 13 16 23 
1 5 10 32 38 39 
5 7 15 29 39 41 
2 13 21 34 37 45 
8 11 34 36 39 44 
3 10 12 24 27 36 
4 12 26 31 40 45 
2 7 12 23 25 33 
4 5 17 20 25 34 
2 6 11 20 22 35 
9 10 14 23 28 43 
2 4 14 15 24 44 
3 7 16 26 30 42 
5 9 16 22 27 37 
2 16 17 19 29 32 
17 22 23 38 42 44 
1 17 18 25 27 40 
12 13 19 20 37 38 
3 11 15 23 34 40 
16 21 30 35 39 40 
5 8 21 23 35 36 
11 25 30 32 36 37 
1 9 12 13 35 41 
18 19 23 31 39 45 
4 7 8 10 11 19 
6 19 23 24 30 41 
8 12 14 16 20 43 
7 14 22 32 40 41 
7 13 15 20 27 28 
10 11 14 18 21 29 
12 22 28 29 30 45 
5 14 15 19 26 36 
13 22 33 36 40 43 
11 27 41 42 43 45 
3 5 13 18 30 44 
6 8 10 13 17 26 
23 26 27 32 35 44 
5 11 24 28 31 33 
3 6 14 27 29 31 
4 6 28 32 37 39 
15 21 25 31 38 43 
10 15 31 35 37 42 
18 26 28 34 35 38 
3 14 17 33 37 39 
