5 6 9 10 15 26 
10 16 22 25 31 41 
7 14 22 30 32 38 
1 4 9 17 22 44 
4 15 18 26 31 32 
16 18 24 29 33 42 
7 15 29 36 37 41 
8 28 34 35 38 45 
7 17 23 31 43 45 
1 6 19 28 31 40 
11 20 22 28 32 42 
2 8 9 12 18 37 
4 6 25 36 38 43 
9 19 21 25 34 40 
3 18 20 25 44 45 
4 6 8 27 39 41 
10 30 35 39 43 44 
3 8 15 21 42 43 
6 14 17 19 42 44 
5 7 13 25 27 42 
8 15 22 25 33 35 
7 9 20 26 27 35 
4 9 13 16 23 38 
1 5 21 29 38 45 
1 6 7 13 18 39 
2 6 17 21 32 36 
1 2 10 15 17 34 
10 14 24 27 36 45 
10 24 37 38 40 42 
2 14 23 25 26 29 
2 5 18 22 36 43 
6 11 16 20 37 45 
10 18 21 23 28 30 
2 3 4 24 28 35 
1 8 16 26 36 44 
3 5 7 12 16 21 
2 15 16 19 27 30 
3 6 22 23 24 34 
16 17 18 32 35 40 
3 19 20 33 38 41 
4 12 14 15 40 45 
3 9 11 14 32 33 
5 11 19 23 35 36 
12 19 24 26 32 37 
1 12 23 35 41 42 
2 20 23 37 39 40 
4 7 8 10 11 19 
9 24 28 29 41 43 
12 14 16 20 34 43 
2 7 33 40 41 44 
3 17 27 28 29 37 
11 12 27 31 38 44 
12 19 22 29 39 45 
11 13 22 26 40 43 
8 20 29 30 31 40 
11 18 21 27 34 41 
13 26 30 41 42 45 
5 8 13 17 20 24 
1 23 27 32 33 43 
4 5 30 33 34 37 
1 11 24 25 30 39 
9 31 34 36 39 42 
17 21 26 33 38 39 
13 14 21 31 35 37 
10 13 29 32 34 44 
5 14 15 28 39 44 
12 13 28 30 33 36 
