2 4 10 21 26 43 
16 22 25 31 34 41 
7 17 22 35 38 45 
1 3 7 13 27 37 
4 7 12 18 30 31 
4 18 20 24 25 33 
6 10 16 18 23 36 
16 23 26 28 32 41 
16 18 29 37 40 44 
5 14 19 28 40 45 
10 22 24 32 40 42 
2 5 24 26 37 39 
3 4 22 36 43 44 
6 12 25 26 35 44 
3 5 9 18 20 35 
4 8 33 37 41 42 
1 16 19 35 39 43 
2 3 9 31 40 41 
12 15 21 29 34 42 
5 13 14 25 38 42 
1 8 9 15 25 26 
7 27 28 34 42 43 
13 19 23 24 29 31 
1 4 10 28 29 38 
13 15 18 21 28 39 
2 12 13 33 37 45 
8 16 21 24 27 35 
9 12 17 24 28 41 
10 25 27 30 39 40 
2 7 10 19 25 34 
1 5 8 10 11 31 
6 20 22 28 34 37 
9 14 21 22 23 30 
4 14 15 17 24 44 
3 16 26 30 42 45 
1 24 36 38 39 45 
2 11 15 16 20 30 
2 3 6 8 23 38 
1 2 17 18 32 42 
15 19 20 38 41 44 
4 15 23 34 40 45 
6 9 11 19 33 42 
2 5 11 17 23 36 
19 21 30 32 36 37 
1 12 35 36 40 42 
14 20 26 27 29 36 
5 7 15 32 43 45 
5 6 24 29 41 43 
8 12 14 16 20 43 
6 7 11 14 21 41 
9 17 25 27 37 43 
11 12 27 32 38 44 
3 12 19 22 29 39 
11 13 22 26 40 43 
7 20 23 39 42 44 
8 18 19 27 41 45 
8 9 13 30 34 44 
6 10 13 17 20 45 
1 22 23 27 32 33 
5 28 30 31 33 44 
3 11 21 25 29 45 
6 9 31 32 36 39 
17 21 26 31 33 38 
10 14 15 31 35 37 
18 30 34 35 38 43 
3 14 17 33 34 39 
7 8 29 33 36 40 
4 11 13 28 32 35 
