1 13 16 17 22 41 
10 11 16 28 31 35 
7 17 35 38 43 45 
7 12 15 18 22 37 
4 12 25 30 31 32 
16 17 19 34 35 44 
6 14 16 18 29 36 
15 26 28 29 32 44 
11 19 21 23 29 45 
5 6 19 28 40 43 
20 21 22 25 32 42 
2 8 26 35 37 39 
3 4 22 36 43 44 
6 8 12 17 21 41 
3 16 18 20 44 45 
4 6 27 31 39 42 
1 6 7 11 39 44 
2 7 9 22 31 41 
6 10 15 34 36 42 
5 7 13 14 25 42 
1 8 9 15 25 34 
7 20 26 27 28 36 
4 7 8 16 23 24 
1 5 10 29 37 38 
13 15 18 21 28 39 
2 13 21 33 37 45 
3 5 8 21 27 35 
10 12 17 24 27 45 
10 23 25 33 40 44 
2 12 19 25 26 29 
4 5 9 10 18 26 
6 9 20 22 35 37 
14 17 22 23 28 30 
2 14 21 24 43 44 
1 3 26 30 42 45 
5 16 24 25 36 38 
15 16 19 20 30 33 
3 6 23 24 26 37 
17 18 24 32 40 42 
7 10 19 20 39 41 
4 15 34 40 41 45 
9 12 16 39 42 43 
5 11 15 17 23 31 
19 30 32 34 36 37 
1 12 23 35 41 42 
2 14 20 23 34 38 
4 8 10 19 22 38 
2 5 11 24 30 41 
8 12 14 20 43 45 
14 31 37 40 41 44 
3 25 28 37 41 43 
12 13 27 32 38 44 
12 22 24 29 34 39 
11 13 22 26 40 43 
13 20 24 27 29 31 
11 18 27 34 41 43 
8 9 13 18 30 44 
2 3 6 10 13 32 
1 23 27 32 33 43 
5 28 30 33 34 35 
3 9 11 15 29 38 
9 31 32 36 39 45 
17 21 26 31 33 38 
4 11 19 33 37 42 
1 2 18 28 38 40 
3 14 17 25 33 39 
7 8 29 33 36 40 
1 4 13 14 35 36 
9 16 21 27 30 40 
