2 6 10 13 26 28 
17 25 27 29 31 41 
6 7 15 38 43 45 
1 14 22 27 37 40 
4 6 12 18 30 31 
4 14 16 29 33 41 
7 10 11 16 24 36 
17 20 28 33 43 44 
9 11 18 23 29 45 
5 19 28 36 40 45 
10 20 22 31 42 44 
2 8 12 25 36 40 
4 22 30 36 43 44 
7 12 17 19 21 35 
3 5 15 16 35 44 
4 7 8 28 39 42 
1 2 7 18 39 44 
2 9 21 22 41 43 
6 12 15 26 34 39 
5 13 14 25 42 43 
1 15 22 24 25 28 
3 7 9 20 26 27 
13 16 23 24 28 31 
1 5 10 29 37 38 
11 14 15 18 21 28 
2 13 21 33 37 45 
2 5 7 32 34 36 
10 14 17 24 38 45 
10 18 25 33 35 40 
7 15 23 25 30 33 
4 5 20 21 25 38 
6 11 20 22 35 37 
9 10 12 14 28 30 
2 4 24 26 32 35 
3 21 26 30 42 45 
8 16 22 35 38 39 
2 16 19 27 30 42 
2 3 6 23 38 41 
3 17 18 32 34 42 
13 15 19 20 32 41 
4 23 31 34 40 45 
9 19 24 33 34 42 
5 11 17 23 26 44 
16 21 25 34 37 44 
1 12 23 35 41 42 
2 8 14 20 23 34 
4 8 9 10 15 19 
5 18 24 30 37 41 
12 16 20 37 43 45 
7 14 32 40 41 44 
3 4 17 27 28 37 
11 12 27 32 33 38 
3 12 22 24 26 29 
8 16 18 26 40 43 
13 20 24 29 39 40 
10 11 27 34 41 43 
8 13 18 27 38 44 
1 8 13 17 30 45 
21 23 24 27 32 43 
5 11 22 30 31 39 
1 3 11 19 25 43 
9 25 31 32 37 39 
1 19 26 31 33 38 
14 15 26 31 35 36 
28 29 30 34 35 38 
3 14 17 33 36 39 
6 8 21 29 33 36 
1 4 9 13 35 36 
6 9 16 17 40 42 
6 19 29 32 39 44 
