9 10 13 21 27 35 
10 18 22 25 31 36 
7 17 30 35 38 45 
1 16 22 25 27 33 
4 6 12 30 31 39 
4 14 19 29 36 41 
2 6 7 15 29 32 
5 8 26 28 32 41 
9 11 19 20 24 26 
6 17 20 25 40 44 
15 20 21 22 40 42 
2 8 25 26 35 39 
4 22 28 38 43 44 
1 8 12 17 19 21 
13 15 18 41 44 45 
4 8 18 27 37 42 
1 2 7 11 42 43 
2 3 9 22 31 41 
12 15 26 33 43 44 
5 13 14 19 25 42 
1 4 9 15 25 34 
7 9 26 27 36 44 
16 23 29 31 35 44 
1 5 10 29 37 38 
13 15 16 21 28 39 
2 12 13 37 40 45 
1 5 15 30 36 40 
6 10 24 27 28 45 
10 17 32 33 34 42 
7 12 14 18 21 25 
6 21 33 36 41 45 
6 11 22 26 35 37 
9 10 14 23 28 30 
2 4 5 21 24 44 
3 16 26 30 42 45 
16 24 36 38 39 42 
2 16 18 19 30 33 
2 3 6 8 23 38 
1 3 18 24 26 32 
7 20 33 37 38 41 
4 7 22 23 34 45 
4 13 20 23 24 33 
5 11 17 18 23 39 
21 23 30 32 37 40 
1 12 23 35 41 42 
2 20 28 34 36 42 
4 8 10 11 15 16 
24 25 30 37 41 43 
8 14 16 20 43 45 
1 7 8 24 31 40 
3 15 17 27 28 37 
11 12 14 27 32 38 
5 12 22 24 29 34 
10 13 26 29 40 43 
18 20 27 29 30 39 
11 16 27 34 40 41 
8 11 13 22 30 36 
1 3 6 13 14 34 
19 23 27 31 32 43 
5 11 28 31 33 45 
3 11 21 25 29 43 
9 19 22 32 39 45 
17 21 26 31 34 38 
14 15 24 31 35 37 
18 19 28 35 38 40 
3 14 17 33 39 40 
8 9 29 33 42 44 
4 17 32 35 36 43 
5 6 9 16 17 43 
10 19 34 37 39 44 
3 7 10 12 20 36 
