2 10 13 21 26 28 
10 16 17 22 31 41 
7 17 38 42 43 45 
1 7 12 18 37 39 
2 4 12 18 31 32 
14 19 24 26 37 44 
6 18 28 29 33 36 
5 8 26 32 41 42 
11 18 23 26 29 45 
5 6 12 19 40 43 
16 22 24 28 32 42 
4 6 25 26 27 35 
3 4 28 41 43 44 
6 11 16 21 35 41 
2 20 22 35 44 45 
4 8 22 30 37 39 
17 20 23 32 35 43 
3 13 19 35 39 45 
12 17 26 28 34 39 
5 13 14 25 27 42 
8 15 20 25 28 34 
1 7 9 26 27 34 
4 7 13 16 23 33 
1 5 10 29 35 38 
3 15 21 23 27 39 
9 21 33 34 37 45 
7 8 10 34 35 36 
10 12 20 24 27 45 
10 18 24 25 33 40 
2 7 19 22 25 29 
1 4 14 18 20 21 
9 11 16 20 37 40 
9 10 14 23 28 30 
4 15 21 24 29 44 
3 16 25 26 30 45 
5 16 24 36 38 39 
1 2 15 16 30 40 
2 6 23 36 37 38 
3 16 18 19 34 42 
15 19 20 33 38 41 
4 29 31 34 40 45 
9 30 33 35 42 43 
5 9 15 17 18 19 
12 19 21 30 32 36 
1 9 12 23 41 42 
2 11 14 32 34 39 
4 8 10 11 19 38 
2 5 17 24 30 41 
8 12 14 16 29 43 
7 14 32 40 41 45 
3 17 27 28 29 37 
11 12 27 32 38 44 
3 9 12 22 29 38 
13 15 22 26 40 43 
13 20 29 39 40 41 
22 27 34 36 41 43 
8 13 18 27 30 44 
6 8 9 13 14 24 
1 8 19 23 24 31 
5 7 11 28 31 33 
3 11 21 24 25 43 
9 25 31 32 36 39 
17 21 26 31 33 38 
14 15 31 35 37 42 
18 28 35 38 40 44 
1 3 14 22 33 36 
2 8 21 36 40 42 
1 4 11 13 17 36 
5 23 25 34 37 44 
6 10 17 39 42 44 
3 6 7 20 30 31 
1 6 10 15 32 45 
