2 10 19 26 27 32 
10 16 22 28 39 41 
7 24 30 35 38 45 
6 7 10 33 37 44 
4 12 29 30 31 32 
4 7 19 25 42 45 
7 15 16 18 29 36 
8 20 23 24 26 28 
3 9 20 21 32 45 
5 19 29 40 43 44 
17 21 22 32 34 42 
2 26 35 37 41 43 
3 4 22 38 43 44 
4 5 14 18 21 41 
20 27 28 36 44 45 
4 8 27 39 40 42 
1 2 7 17 39 43 
2 3 9 22 30 40 
6 12 20 22 36 43 
2 5 13 14 20 25 
4 9 14 17 25 44 
7 9 11 12 26 28 
3 4 13 16 23 28 
1 5 10 29 38 42 
7 13 18 22 27 31 
12 13 21 33 37 45 
8 9 19 34 36 37 
10 12 17 24 33 40 
22 23 25 36 37 40 
2 12 18 19 23 34 
1 5 18 22 26 45 
4 6 11 18 20 37 
9 10 23 29 39 45 
2 15 16 21 24 44 
16 26 30 32 37 42 
5 24 34 37 38 39 
1 16 17 20 30 40 
2 6 31 36 38 42 
1 3 8 18 32 35 
15 19 20 33 38 41 
4 15 26 34 40 45 
9 18 28 33 42 43 
5 11 17 23 32 36 
1 6 14 21 23 30 
12 23 35 41 42 44 
11 18 31 39 40 44 
3 5 7 8 12 15 
10 18 24 25 30 43 
14 16 19 31 43 45 
7 13 14 32 40 41 
3 17 27 28 29 37 
1 11 12 14 27 38 
12 20 25 29 35 39 
11 13 19 22 24 42 
6 13 26 29 34 44 
11 25 27 30 34 41 
9 13 15 30 38 39 
6 8 13 17 41 45 
23 27 32 33 34 43 
5 19 28 30 31 33 
8 10 11 15 21 43 
1 9 24 31 36 41 
17 21 25 26 31 38 
15 17 23 31 35 37 
21 28 34 35 38 40 
3 14 26 33 36 39 
8 14 22 29 33 35 
1 4 10 13 35 36 
5 6 9 16 27 35 
3 6 19 21 24 39 
3 7 10 20 31 34 
1 6 15 25 28 32 
2 8 11 16 25 33 
