9 19 23 26 28 34 
16 21 22 25 29 31 
7 13 17 30 38 45 
1 7 12 15 22 37 
2 4 28 30 31 32 
4 14 19 29 33 42 
6 10 13 29 30 36 
8 13 14 26 32 41 
11 15 23 24 32 45 
5 6 11 14 16 36 
13 20 25 32 40 42 
2 8 17 19 24 35 
3 4 7 19 22 36 
3 6 12 21 28 33 
5 25 35 38 44 45 
1 4 25 27 39 43 
2 7 10 14 39 43 
2 9 21 22 41 45 
3 5 12 30 40 41 
13 16 19 28 31 43 
22 27 34 38 39 42 
5 7 9 13 27 33 
4 7 16 23 24 41 
1 2 5 29 34 38 
3 13 15 20 21 39 
2 12 13 34 37 45 
8 21 27 34 35 36 
10 24 27 31 40 45 
5 17 22 32 42 43 
6 7 15 23 25 26 
4 5 17 20 21 26 
6 11 20 22 35 37 
1 14 22 24 28 30 
4 9 12 15 17 18 
1 3 16 26 42 45 
9 16 20 24 37 39 
3 10 15 16 27 30 
2 3 6 24 42 44 
10 18 24 25 34 41 
15 19 20 33 38 41 
4 14 34 37 40 44 
9 24 30 33 35 43 
1 10 17 21 23 44 
19 21 25 30 36 37 
12 23 36 41 42 44 
2 14 18 20 23 27 
4 6 8 9 10 38 
5 18 26 31 33 37 
8 12 20 29 43 45 
7 11 21 28 40 42 
17 27 28 29 37 41 
12 14 24 32 36 38 
10 12 25 26 35 39 
2 15 26 36 40 43 
5 9 23 29 39 40 
6 17 31 34 41 43 
13 18 22 26 43 44 
8 10 22 23 33 40 
3 7 18 29 32 35 
8 11 18 30 39 42 
3 9 11 14 17 25 
1 8 9 20 31 36 
11 21 26 27 31 38 
14 15 31 35 37 42 
16 18 28 35 38 40 
17 28 33 36 39 45 
8 11 15 28 29 44 
1 4 11 13 35 41 
5 10 11 12 19 32 
6 19 27 32 39 44 
7 20 30 33 34 44 
1 6 18 19 40 45 
1 2 16 25 32 33 
3 8 23 37 38 43 
