6 20 27 31 36 42 
10 13 16 28 41 42 
7 20 22 30 38 45 
4 5 7 24 40 45 
4 12 30 31 32 34 
5 22 34 37 42 43 
9 11 16 31 32 37 
5 10 26 32 40 44 
14 19 23 29 41 45 
7 15 24 28 34 36 
8 20 21 24 32 42 
1 12 19 36 37 40 
4 11 17 22 36 44 
6 12 17 26 28 41 
1 18 20 25 44 45 
4 12 15 23 25 42 
1 2 7 11 39 42 
3 15 22 31 40 41 
8 10 15 18 34 43 
5 9 20 39 41 43 
5 9 14 17 24 25 
7 9 19 21 23 44 
16 18 23 26 31 33 
1 4 6 14 28 38 
13 21 23 28 39 43 
12 13 21 33 37 45 
9 26 29 34 36 45 
2 10 17 27 43 45 
5 8 13 35 36 38 
2 5 7 12 18 29 
2 8 14 21 22 26 
5 6 11 22 23 33 
10 11 20 23 30 40 
2 4 9 13 15 33 
3 16 26 30 42 45 
16 24 27 38 39 44 
2 16 17 19 20 34 
2 3 23 34 37 38 
3 17 18 32 38 42 
15 20 25 33 37 38 
1 3 8 9 10 12 
9 33 35 40 42 43 
2 32 36 41 43 44 
18 21 25 27 30 36 
1 5 15 26 27 30 
14 17 30 37 39 40 
4 10 19 22 24 38 
2 6 24 30 35 41 
6 7 14 16 18 43 
7 14 27 32 33 41 
3 27 28 29 37 44 
11 12 14 38 42 44 
12 16 22 29 35 39 
11 13 18 19 24 26 
4 13 20 26 29 40 
11 21 27 34 40 41 
6 8 9 13 30 44 
6 25 31 34 39 45 
1 13 22 23 25 32 
3 5 19 28 30 31 
3 11 24 25 29 43 
8 12 17 23 24 27 
1 21 26 31 38 43 
13 14 15 17 31 35 
9 18 22 27 28 35 
3 10 14 33 36 39 
7 8 17 29 31 33 
1 19 33 34 35 44 
1 10 16 21 29 36 
6 15 19 29 32 39 
3 4 6 20 21 35 
7 10 25 26 35 37 
2 8 16 25 28 40 
4 8 18 37 39 41 
11 15 28 32 35 45 
