4 10 13 16 26 28 
16 22 24 25 34 41 
7 22 30 38 43 45 
1 7 22 28 33 37 
4 12 20 25 29 30 
4 7 13 19 34 42 
6 7 16 18 29 36 
8 10 18 26 32 42 
23 24 29 40 42 45 
5 6 14 21 28 40 
16 17 21 22 32 42 
2 17 19 35 40 43 
3 4 22 36 43 44 
12 17 28 39 41 44 
9 18 20 35 44 45 
4 20 27 37 39 42 
2 7 10 11 39 43 
9 15 22 27 31 41 
14 24 32 33 34 43 
5 13 14 25 27 43 
8 9 11 28 29 34 
18 19 24 26 27 28 
4 5 7 16 23 31 
1 10 21 29 38 41 
12 13 15 21 23 36 
9 12 21 25 37 45 
3 7 8 21 27 35 
6 10 17 24 27 45 
10 23 25 33 40 44 
13 25 26 29 35 41 
5 9 19 22 26 39 
6 11 20 22 25 35 
9 10 14 23 27 30 
2 4 15 21 24 44 
3 15 17 26 30 34 
5 16 24 35 38 39 
2 11 16 28 30 45 
2 3 6 13 23 38 
9 17 18 25 38 42 
15 19 20 33 38 41 
3 4 9 34 40 41 
6 9 12 33 42 43 
5 11 17 23 26 36 
19 21 30 32 36 37 
1 12 19 23 35 42 
2 14 20 23 26 34 
4 8 14 15 17 38 
2 5 18 24 30 41 
1 8 16 19 20 43 
7 26 37 40 41 44 
3 17 27 28 29 37 
11 12 27 32 38 44 
12 14 18 22 29 39 
1 11 14 15 16 40 
1 13 20 30 39 40 
11 18 21 31 34 43 
8 13 18 30 37 44 
1 8 13 17 31 45 
1 3 18 23 32 43 
10 29 30 31 33 35 
3 10 11 19 25 31 
2 9 31 32 36 39 
6 21 26 31 33 38 
14 15 31 35 37 42 
28 32 34 35 38 40 
3 14 33 36 39 45 
8 13 22 33 36 40 
1 4 11 24 35 36 
1 2 5 9 42 44 
6 14 19 29 44 45 
3 7 12 20 24 31 
6 7 15 25 28 32 
2 8 12 16 27 33 
6 8 23 37 39 41 
5 15 20 29 32 45 
5 10 12 34 36 37 
