6 7 11 13 28 42 
10 13 16 25 31 34 
7 17 30 38 43 45 
21 22 25 27 30 39 
4 6 12 30 31 32 
4 17 20 25 29 41 
6 7 16 18 29 36 
8 19 24 26 28 32 
11 24 29 30 37 40 
6 21 36 40 44 45 
20 21 22 24 32 42 
6 12 18 24 26 43 
3 4 22 36 38 43 
3 9 12 19 21 40 
10 18 26 33 37 44 
8 17 27 31 36 42 
2 7 14 28 39 44 
2 9 22 29 31 45 
10 12 15 34 39 42 
5 13 14 25 36 43 
1 8 9 20 25 45 
4 7 9 26 27 34 
11 16 18 21 23 31 
1 5 10 28 29 38 
13 15 18 21 28 41 
1 2 12 13 21 37 
7 8 21 34 35 36 
6 10 24 27 41 45 
10 25 26 38 40 43 
5 7 12 19 23 25 
1 5 14 21 22 26 
6 11 20 22 35 37 
9 10 17 23 28 30 
2 4 15 21 24 44 
3 16 26 30 42 45 
5 16 24 35 38 39 
1 2 16 17 19 40 
2 3 6 23 35 38 
3 17 18 25 32 42 
15 19 20 33 38 41 
4 15 23 34 37 45 
9 19 33 35 42 43 
2 5 17 23 24 34 
10 19 30 32 36 37 
1 12 29 35 41 42 
2 14 18 20 27 30 
4 8 10 11 14 19 
3 5 8 28 41 43 
12 14 16 20 43 45 
7 14 31 32 40 41 
3 19 27 28 37 45 
11 12 27 32 38 44 
4 12 16 22 28 33 
19 22 31 39 43 44 
13 20 26 29 39 40 
11 17 20 34 39 43 
8 9 13 18 30 44 
10 13 17 22 35 45 
1 23 27 29 32 43 
1 30 33 34 41 44 
3 11 15 25 29 44 
1 4 11 18 36 39 
17 21 26 31 33 38 
14 15 31 35 37 42 
18 28 34 35 38 40 
3 14 23 33 36 39 
7 8 15 22 33 40 
4 13 24 27 33 35 
5 20 23 40 42 44 
6 14 19 29 34 44 
1 3 7 20 24 31 
1 6 9 15 32 39 
2 6 8 16 25 33 
8 13 23 37 39 41 
5 11 15 32 33 45 
5 9 16 17 27 37 
2 9 11 26 36 41 
