1 10 13 21 28 32 
10 16 22 25 31 34 
1 7 17 20 25 30 
1 7 22 37 39 40 
3 4 6 12 31 32 
4 7 19 29 41 42 
9 14 16 26 27 29 
3 5 8 14 25 41 
14 19 23 24 31 45 
5 12 28 39 43 44 
13 19 20 24 27 28 
2 10 12 26 35 37 
3 22 30 36 38 44 
3 8 11 16 21 28 
8 17 26 27 35 44 
4 13 25 27 39 45 
3 7 15 35 39 43 
2 3 9 22 31 41 
12 17 19 34 42 43 
14 21 35 40 42 45 
8 9 12 13 15 31 
4 7 14 18 26 28 
2 7 13 16 17 23 
1 2 5 29 38 45 
15 18 21 22 23 29 
13 33 34 36 44 45 
7 8 22 24 34 42 
3 10 17 24 33 40 
10 19 25 26 33 44 
6 7 9 12 21 25 
4 5 9 17 20 21 
6 11 14 20 22 35 
9 10 14 23 30 43 
2 4 15 21 24 44 
3 20 23 26 42 45 
5 16 24 25 38 39 
15 16 19 27 30 40 
3 6 13 23 34 38 
18 25 32 35 38 42 
15 20 28 33 37 38 
4 5 23 34 37 44 
9 11 30 33 39 42 
1 11 12 23 24 36 
19 21 30 32 36 37 
12 13 24 30 35 41 
2 14 20 32 34 39 
4 8 10 11 19 38 
2 6 18 24 30 43 
10 12 16 20 41 45 
11 17 32 40 41 44 
3 17 27 28 29 37 
2 7 14 27 38 44 
4 12 22 29 33 40 
11 13 22 26 37 43 
10 13 18 20 29 40 
11 21 27 34 41 43 
1 8 29 30 34 44 
6 8 17 22 28 45 
23 25 27 32 33 43 
5 28 30 31 33 35 
11 24 25 29 31 37 
9 24 26 32 36 45 
17 21 26 31 38 39 
14 15 17 36 37 42 
9 28 34 35 38 40 
1 3 12 14 18 33 
8 20 31 36 40 43 
1 4 16 35 36 43 
1 9 16 18 42 44 
6 19 29 35 36 39 
7 10 18 27 31 36 
1 6 15 26 32 41 
2 6 8 16 33 37 
8 18 23 37 39 41 
5 7 11 15 32 45 
5 6 10 15 27 42 
2 25 28 36 40 41 
5 18 19 26 34 40 
