10 13 19 21 26 35 
10 18 22 25 31 41 
7 17 30 38 43 45 
1 4 7 22 37 40 
4 20 25 30 35 44 
9 19 24 34 37 43 
6 7 16 18 29 36 
8 26 29 32 34 44 
4 9 15 29 38 45 
24 28 32 36 43 44 
17 20 21 22 23 42 
2 8 12 18 35 37 
3 4 8 31 36 43 
4 6 12 17 24 28 
3 18 23 33 36 44 
6 13 24 27 31 42 
2 7 10 29 43 44 
2 3 9 22 32 41 
10 12 15 33 34 42 
5 13 14 25 37 43 
8 9 15 17 25 36 
7 9 20 26 28 42 
4 7 16 21 23 31 
1 5 28 29 41 45 
13 15 18 21 28 39 
1 13 21 33 37 45 
7 11 18 27 34 45 
2 10 17 24 27 45 
10 25 27 28 33 40 
7 12 19 23 25 26 
5 9 21 22 27 44 
6 11 20 31 35 37 
9 10 11 14 23 28 
15 16 22 23 24 33 
3 16 26 36 42 45 
5 16 24 35 38 39 
2 15 16 19 27 30 
2 3 6 13 23 38 
18 25 32 38 40 42 
15 19 20 32 38 41 
23 31 32 34 40 45 
33 35 39 41 42 43 
5 11 17 35 40 44 
11 12 21 30 32 36 
12 23 29 30 35 42 
1 2 11 19 39 42 
5 6 8 10 38 42 
11 24 26 30 37 41 
12 14 16 20 43 45 
7 12 13 40 41 44 
3 17 19 28 29 37 
3 11 12 14 27 38 
14 22 29 31 34 39 
11 15 22 26 40 43 
13 20 29 36 39 40 
6 21 25 34 41 43 
8 9 13 18 22 30 
4 13 16 17 34 41 
1 18 20 23 27 43 
5 19 28 30 31 33 
3 11 21 24 25 29 
1 9 12 31 36 38 
2 17 26 31 33 38 
14 15 31 37 42 44 
22 28 34 35 36 38 
1 14 17 18 19 24 
7 8 14 20 24 33 
4 14 26 27 30 39 
6 9 16 30 33 40 
6 19 22 39 44 45 
1 3 10 20 30 34 
1 6 14 15 32 35 
1 2 8 16 25 28 
8 23 27 37 39 41 
3 5 7 15 25 39 
10 16 17 32 37 39 
2 14 21 36 40 41 
2 4 5 18 26 34 
4 5 8 11 32 33 
