2 10 11 18 21 26 
10 16 22 25 31 41 
7 19 25 30 38 45 
1 11 15 27 40 43 
8 12 15 30 31 42 
13 14 19 24 32 41 
6 7 16 18 29 36 
24 25 26 33 37 43 
21 29 31 34 42 45 
19 28 35 40 43 44 
19 21 22 27 33 44 
2 8 23 28 37 38 
4 22 24 36 38 43 
1 3 17 21 28 40 
3 18 20 25 44 45 
4 25 27 28 39 42 
2 7 10 41 43 44 
2 3 22 29 30 32 
3 6 31 32 34 43 
5 13 14 25 42 43 
9 15 17 19 22 34 
7 9 26 27 28 34 
4 7 16 21 23 43 
1 5 10 29 35 38 
7 13 15 21 35 39 
9 12 13 21 37 44 
8 20 27 34 35 36 
10 12 17 24 27 45 
10 21 32 33 36 42 
12 19 23 25 26 29 
5 14 20 21 22 26 
6 10 11 15 37 45 
9 10 14 23 28 30 
2 14 15 24 29 44 
3 16 26 38 40 42 
5 16 30 38 39 44 
1 2 16 17 19 20 
2 3 6 13 23 27 
9 17 18 38 41 42 
7 15 20 33 38 41 
23 24 32 34 40 45 
2 4 9 33 35 45 
5 15 17 23 26 36 
18 19 24 30 35 36 
6 12 23 35 41 42 
11 20 23 30 34 39 
3 4 8 10 15 19 
1 6 9 12 20 43 
15 16 20 24 28 42 
4 26 32 35 41 44 
3 5 27 29 37 41 
11 12 14 27 32 38 
16 28 29 33 34 41 
12 16 22 33 37 40 
10 13 20 29 39 40 
1 4 21 30 41 45 
8 13 17 18 30 43 
8 13 22 28 36 45 
18 22 23 39 43 45 
5 11 19 20 28 31 
3 9 11 13 16 35 
2 9 31 32 36 39 
1 13 26 31 33 38 
14 17 25 31 35 37 
4 14 18 27 31 40 
3 14 17 33 36 39 
1 7 8 9 14 29 
1 7 11 22 24 42 
5 6 9 30 33 40 
4 6 11 17 29 44 
3 5 7 12 24 39 
1 15 18 25 28 32 
8 11 23 31 33 44 
6 8 19 26 37 39 
5 8 16 27 32 45 
1 34 36 37 42 44 
2 11 25 36 40 41 
2 4 5 12 18 34 
6 8 21 24 25 38 
4 7 17 20 32 37 
