2 9 10 21 26 35 
10 16 22 25 31 41 
7 17 30 38 43 45 
1 7 19 22 27 37 
4 12 29 30 31 32 
11 16 17 19 29 42 
6 7 16 18 36 42 
8 24 26 28 32 42 
5 9 19 23 29 35 
8 19 23 24 31 43 
20 21 22 34 42 44 
2 12 18 19 37 43 
4 6 19 22 28 36 
6 10 12 17 33 34 
1 16 32 35 44 45 
19 25 39 40 42 45 
1 2 7 28 29 44 
2 9 22 24 33 45 
11 16 24 33 34 39 
2 13 17 20 25 28 
4 8 9 17 25 37 
1 10 13 19 34 41 
4 7 13 16 23 26 
2 5 14 17 39 41 
7 15 18 21 28 39 
3 4 21 24 37 45 
8 14 20 27 35 36 
10 15 17 26 27 45 
14 25 26 29 33 38 
6 7 12 24 25 35 
5 8 12 16 21 22 
1 6 11 15 30 37 
3 10 14 23 28 30 
6 9 14 16 20 43 
2 11 27 30 31 42 
16 24 27 37 38 44 
2 15 16 25 30 36 
2 3 6 23 32 38 
3 5 13 22 38 42 
15 19 20 33 38 41 
4 9 11 15 23 34 
1 9 33 39 42 43 
1 17 20 23 24 36 
10 29 36 37 40 43 
12 18 23 41 42 45 
4 10 14 25 42 44 
4 8 10 11 35 38 
3 4 20 30 41 43 
1 14 28 34 43 45 
7 9 14 32 40 41 
3 9 12 16 27 28 
11 12 13 14 27 39 
13 15 24 29 35 41 
11 13 22 26 40 43 
10 18 20 29 39 45 
6 21 27 29 34 41 
8 9 13 18 30 44 
3 17 22 32 35 39 
21 23 25 27 32 43 
5 28 30 33 35 37 
3 11 18 19 21 25 
9 12 31 36 38 39 
1 17 21 31 38 40 
14 15 31 35 37 42 
18 28 34 35 38 40 
3 5 15 36 43 44 
3 7 8 29 33 40 
1 13 21 32 33 36 
2 4 5 24 27 40 
6 19 26 30 39 44 
3 7 20 26 31 34 
14 18 22 24 30 40 
2 8 15 29 32 34 
8 23 26 37 39 41 
5 7 10 11 20 32 
5 25 32 34 36 37 
11 28 36 41 44 45 
1 4 5 12 18 26 
5 6 8 13 31 45 
12 15 20 23 40 44 
17 18 27 31 33 44 
