2 6 13 31 41 43 
5 10 16 25 31 35 
5 7 17 20 38 43 
7 10 18 19 21 22 
1 4 11 12 25 26 
4 5 19 29 36 42 
6 15 16 18 26 36 
8 11 20 28 42 44 
3 11 12 19 37 45 
16 19 28 36 40 43 
20 21 22 24 34 42 
2 8 12 18 37 40 
3 4 5 21 27 43 
9 17 19 26 35 44 
1 3 16 34 43 44 
9 23 25 27 39 42 
1 2 7 39 40 42 
2 3 9 22 29 31 
10 12 15 34 42 43 
13 14 19 25 26 43 
3 8 15 22 25 28 
4 9 11 14 18 24 
7 11 13 16 23 29 
7 9 28 32 37 43 
13 15 17 21 28 39 
13 24 27 34 37 45 
7 8 27 34 35 36 
3 10 24 26 28 44 
9 10 25 36 38 45 
6 17 25 29 30 34 
18 22 23 26 30 43 
6 11 20 22 35 37 
1 14 20 27 28 30 
1 2 21 35 44 45 
13 16 30 33 38 42 
5 16 17 18 37 39 
2 15 16 19 27 30 
2 3 6 19 23 24 
3 17 18 32 38 42 
1 15 19 20 38 41 
4 15 23 34 40 45 
9 11 33 35 39 43 
1 17 23 24 31 36 
21 30 32 36 37 41 
12 23 28 35 41 42 
2 18 20 24 25 45 
4 8 13 19 32 35 
5 24 30 35 40 41 
4 9 16 20 41 45 
3 7 13 14 40 41 
1 6 17 21 27 33 
12 14 27 29 32 44 
12 22 24 30 38 39 
6 26 27 40 42 45 
10 13 20 29 39 40 
8 10 11 30 31 34 
1 8 9 13 18 30 
8 10 14 17 22 45 
6 10 20 23 32 33 
5 19 28 31 33 45 
11 21 31 38 40 44 
29 31 32 39 43 45 
21 26 29 33 37 38 
14 15 31 35 37 42 
18 28 29 34 35 38 
3 14 33 34 36 39 
7 8 15 24 29 33 
2 4 10 27 28 38 
6 9 12 14 16 21 
4 6 7 30 39 44 
3 7 12 20 26 31 
1 4 22 29 37 41 
16 22 25 32 33 40 
8 21 23 26 39 41 
1 5 11 15 24 32 
5 12 13 22 36 44 
2 11 17 25 36 41 
2 5 9 26 32 34 
5 6 8 14 23 38 
7 15 23 25 37 44 
18 27 31 33 41 44 
4 10 12 17 33 40 
