10 12 13 24 26 41 
10 16 22 25 31 37 
7 26 30 35 38 45 
1 7 14 15 22 37 
4 6 12 25 30 32 
2 4 27 29 31 42 
6 7 16 18 29 36 
8 26 28 32 42 44 
1 24 27 29 35 40 
6 24 28 36 40 43 
20 21 22 24 32 42 
2 11 18 28 34 37 
3 4 22 36 38 45 
3 16 19 21 28 35 
10 18 20 31 44 45 
4 20 27 33 37 39 
2 7 22 39 43 44 
1 3 9 19 25 44 
2 15 34 36 39 42 
5 13 14 25 42 43 
7 9 15 20 21 25 
3 9 12 24 27 32 
4 7 11 13 23 31 
1 10 20 29 34 38 
13 15 16 27 28 39 
2 9 13 21 37 45 
7 8 19 34 35 43 
14 19 24 34 44 45 
7 8 10 21 40 42 
7 12 25 26 28 34 
6 9 10 15 26 33 
6 8 17 20 22 35 
4 9 10 14 28 38 
4 15 21 23 29 44 
1 4 16 30 34 41 
5 16 24 38 39 44 
1 16 17 20 23 26 
2 6 19 23 27 38 
3 17 18 25 27 42 
3 8 13 15 38 41 
15 17 32 34 40 45 
4 9 17 35 41 43 
1 8 12 17 31 36 
19 30 36 37 41 42 
12 23 33 35 42 44 
3 14 20 23 28 30 
2 10 11 17 19 24 
15 18 23 24 30 43 
12 14 16 20 43 45 
7 14 31 32 40 41 
5 11 22 28 29 41 
10 11 27 30 36 44 
12 18 21 22 29 39 
13 14 22 26 27 40 
3 5 10 30 39 40 
21 27 33 34 41 43 
8 9 13 18 29 30 
2 6 12 14 29 35 
10 16 23 32 37 43 
19 22 28 30 31 33 
3 11 26 29 37 43 
9 11 26 31 35 39 
1 21 26 31 38 43 
5 15 24 31 35 37 
18 23 25 35 38 40 
14 17 21 33 36 39 
3 5 7 17 33 45 
1 5 13 32 35 36 
6 9 11 16 40 42 
17 19 25 29 32 39 
3 6 13 31 34 44 
1 6 18 28 41 45 
2 8 16 24 25 33 
8 23 37 39 41 45 
1 11 25 33 42 45 
5 9 22 23 34 36 
2 20 25 36 40 41 
2 4 5 18 26 32 
8 11 14 32 33 38 
12 17 37 38 40 44 
4 13 18 19 33 40 
5 6 8 21 27 30 
5 11 12 15 19 20 
