2 11 13 26 28 33 
10 16 22 25 31 34 
7 17 30 38 43 45 
1 7 12 22 37 41 
3 4 18 30 32 35 
2 4 16 17 29 35 
6 7 16 18 29 36 
8 24 26 28 32 42 
21 23 24 29 40 45 
4 28 36 40 43 44 
20 21 22 27 42 44 
2 10 18 37 39 43 
3 4 14 22 36 38 
3 17 19 21 28 41 
1 16 20 37 44 45 
4 25 26 27 37 39 
2 7 10 22 29 44 
6 9 14 31 41 45 
3 12 15 34 42 44 
5 9 13 38 39 44 
9 11 16 19 33 34 
6 7 9 26 27 34 
4 7 13 16 23 31 
1 5 10 29 38 41 
7 13 28 35 39 45 
8 12 13 18 21 45 
3 5 8 27 35 36 
9 10 12 24 36 45 
3 10 20 23 33 40 
12 19 23 25 26 29 
17 20 22 24 26 41 
6 11 22 24 35 37 
9 10 14 23 28 30 
2 4 9 21 27 40 
3 16 26 30 42 45 
16 24 27 32 38 39 
1 2 15 16 19 24 
2 3 6 23 38 43 
1 17 18 25 32 42 
13 15 20 32 35 41 
4 11 15 17 34 45 
8 29 33 39 42 43 
1 5 11 17 23 44 
19 21 30 32 36 37 
7 12 23 35 36 42 
20 21 29 30 34 39 
4 8 10 15 19 38 
24 30 33 41 43 44 
12 14 16 20 28 43 
5 7 9 31 32 43 
15 17 27 28 29 37 
10 11 12 14 27 32 
3 12 18 24 39 40 
13 19 22 26 40 43 
3 13 20 24 29 31 
10 11 21 34 41 43 
8 9 15 18 22 23 
6 8 10 13 17 30 
1 19 23 27 35 43 
5 19 22 28 30 31 
3 9 11 25 29 35 
11 15 26 31 36 39 
21 26 31 33 35 38 
11 14 31 37 40 42 
18 28 34 35 38 40 
14 17 19 20 36 39 
1 7 8 14 33 40 
1 4 13 34 36 42 
5 6 16 40 41 42 
6 13 14 29 32 44 
1 2 12 27 30 31 
1 6 15 25 28 39 
2 8 20 25 32 45 
8 23 31 34 37 41 
5 15 22 32 33 45 
5 13 24 25 33 37 
2 25 30 36 40 41 
2 5 14 18 26 34 
6 8 11 25 38 44 
2 9 20 37 38 42 
17 18 27 31 33 44 
4 5 6 12 21 33 
5 7 11 18 19 20 
7 14 15 21 24 25 
