5 10 23 25 26 44 
10 16 22 34 35 41 
1 17 25 34 38 45 
1 7 16 22 26 37 
4 6 7 12 30 32 
5 8 19 29 41 42 
6 16 18 21 29 36 
8 24 26 28 32 42 
9 11 21 23 24 29 
4 6 8 23 40 43 
20 21 22 32 42 44 
8 14 17 18 35 37 
4 22 25 30 36 38 
3 6 21 28 31 41 
4 7 18 41 44 45 
4 25 27 37 39 42 
7 11 17 39 43 44 
2 9 22 31 40 45 
12 15 18 34 42 43 
13 14 25 29 31 43 
15 18 20 25 28 39 
7 9 19 20 26 27 
4 14 16 19 23 31 
2 28 29 35 44 45 
13 15 21 30 35 39 
2 7 10 12 28 37 
7 8 24 31 34 35 
10 12 19 24 27 45 
6 19 25 30 33 40 
4 15 17 26 29 41 
6 12 14 20 26 38 
6 11 20 24 35 37 
9 10 11 14 28 30 
3 4 9 24 33 44 
3 16 26 30 42 45 
5 10 16 24 38 39 
2 15 16 17 27 30 
2 3 6 10 11 42 
3 17 18 25 32 36 
27 29 32 35 38 41 
3 7 13 15 23 38 
9 33 38 39 42 43 
1 5 17 22 23 28 
19 21 36 37 43 45 
9 12 17 23 35 42 
1 2 20 33 39 41 
4 8 10 15 20 22 
2 5 24 30 41 43 
14 16 20 28 43 45 
12 13 16 32 40 41 
3 5 8 27 28 37 
1 12 14 27 36 44 
3 12 22 24 29 39 
11 18 22 26 40 43 
10 13 17 20 29 40 
11 21 27 34 40 41 
8 9 13 18 30 44 
6 13 17 22 27 45 
1 10 23 27 32 43 
13 19 22 28 33 42 
3 19 25 26 35 43 
9 26 31 32 36 39 
21 26 33 37 38 44 
15 31 37 40 42 44 
4 16 28 34 38 40 
3 10 14 33 34 36 
1 7 8 29 33 40 
1 4 11 13 35 36 
3 5 14 35 39 40 
6 19 32 34 39 44 
1 3 12 20 30 31 
1 6 9 14 15 41 
2 8 11 12 16 25 
8 23 36 39 41 45 
5 11 15 32 33 45 
5 9 13 34 36 37 
5 7 20 36 40 42 
2 5 6 26 31 34 
2 8 14 21 32 38 
20 23 29 30 34 37 
18 23 27 31 33 35 
4 5 12 17 21 33 
11 18 19 29 31 38 
7 14 15 21 24 25 
1 2 13 18 19 24 
