2 10 16 17 26 35 
10 16 22 25 31 41 
7 17 37 38 43 45 
7 12 18 19 22 39 
4 9 13 30 32 39 
4 17 19 24 29 43 
5 18 23 29 36 41 
8 12 24 26 32 38 
9 11 12 16 23 29 
2 20 28 36 40 43 
20 21 22 32 42 44 
1 14 18 29 35 37 
3 4 22 36 38 43 
3 4 12 17 28 41 
4 10 33 41 44 45 
4 8 25 27 37 42 
1 2 7 10 39 42 
2 15 22 26 29 41 
10 12 15 31 34 43 
5 13 14 25 28 42 
8 9 15 17 25 40 
1 7 9 26 27 28 
4 7 16 21 23 31 
1 5 10 21 29 40 
15 18 21 28 37 39 
1 6 12 13 33 37 
7 8 24 35 36 44 
6 10 12 24 27 36 
11 12 25 30 38 40 
3 19 25 26 32 39 
9 18 24 25 34 45 
6 11 20 22 35 37 
9 10 23 28 30 38 
2 4 9 14 19 44 
3 16 26 30 42 45 
5 16 24 38 39 44 
2 15 16 19 27 30 
2 3 6 13 23 34 
10 11 17 18 32 42 
7 19 20 25 33 38 
22 23 24 33 40 42 
9 33 35 39 42 43 
1 17 23 25 36 44 
19 21 30 32 36 37 
12 19 21 35 41 42 
14 17 20 23 30 34 
8 10 13 19 28 34 
1 5 24 30 41 43 
12 14 16 20 43 45 
7 14 31 32 40 41 
3 16 27 28 29 37 
11 14 27 28 33 44 
4 6 14 26 38 39 
6 11 19 21 26 43 
13 20 24 29 39 40 
11 17 27 34 39 41 
7 13 18 30 43 44 
8 13 14 21 22 45 
23 25 27 32 35 43 
6 28 30 31 35 45 
1 18 19 27 40 45 
2 27 31 36 39 45 
2 11 24 31 33 37 
14 15 29 31 38 42 
16 18 34 35 38 40 
3 10 14 15 33 36 
7 8 22 29 30 33 
1 4 11 13 35 36 
6 9 16 36 40 42 
6 29 32 34 44 45 
1 3 9 17 20 31 
1 15 22 24 28 32 
1 8 16 32 33 34 
6 8 23 39 41 43 
5 7 11 15 32 45 
5 9 22 34 36 37 
4 6 15 18 20 25 
4 5 20 26 27 34 
2 3 8 11 18 38 
10 23 26 37 40 44 
13 17 18 26 31 33 
2 5 6 17 21 33 
5 8 19 20 23 31 
3 7 14 21 24 25 
9 13 21 27 38 41 
3 5 12 15 35 44 
