6 10 13 21 26 37 
2 7 16 37 39 41 
7 17 37 38 43 45 
1 4 14 22 34 37 
4 7 12 30 31 32 
7 10 22 27 36 42 
1 6 16 18 28 36 
14 24 26 28 32 34 
13 18 23 24 35 36 
2 28 36 40 43 44 
20 21 22 32 34 42 
2 16 27 33 34 35 
3 4 22 36 38 43 
12 17 19 21 28 40 
10 21 24 42 44 45 
4 5 25 27 37 45 
2 5 7 21 33 43 
2 9 14 22 35 41 
10 12 15 18 37 43 
5 13 14 25 42 43 
4 9 13 20 25 28 
5 9 10 11 19 34 
7 13 14 16 19 32 
1 5 10 29 32 41 
15 21 27 28 39 41 
2 12 13 31 36 45 
3 7 12 21 34 35 
8 12 22 24 27 39 
10 23 25 33 35 38 
2 9 12 25 26 29 
5 8 20 26 38 44 
6 11 20 28 35 37 
10 14 23 28 30 44 
2 4 11 21 23 24 
7 26 30 35 42 45 
5 16 24 30 38 39 
2 15 19 20 29 30 
2 3 6 8 10 32 
2 17 18 32 40 42 
13 15 20 38 40 41 
4 15 23 34 40 45 
11 19 31 39 42 43 
17 19 22 23 25 44 
19 21 30 32 36 37 
1 12 23 33 41 42 
3 11 16 23 29 42 
4 6 8 19 38 42 
4 17 24 29 41 43 
12 14 16 20 43 45 
6 7 9 23 39 40 
3 13 27 28 29 37 
9 11 12 27 32 38 
3 15 18 24 26 31 
11 13 16 22 26 40 
4 10 29 35 39 44 
6 27 30 34 41 43 
8 9 18 22 30 43 
3 8 13 17 30 39 
1 23 26 27 32 43 
5 22 28 30 31 33 
1 3 11 25 30 40 
25 31 32 35 39 40 
4 16 17 26 31 33 
8 14 15 35 37 42 
18 28 29 31 34 38 
3 14 26 33 36 39 
7 8 14 29 33 40 
1 11 13 15 17 35 
6 9 16 17 42 44 
6 19 22 29 33 45 
10 14 17 20 27 31 
1 2 28 38 39 45 
1 8 16 21 25 31 
9 23 31 37 41 44 
11 15 32 33 44 45 
5 9 15 21 29 36 
8 11 25 36 41 45 
18 19 25 26 35 41 
6 11 14 18 21 38 
9 20 24 33 37 40 
13 18 33 34 39 44 
5 17 20 23 34 36 
5 8 18 19 27 40 
6 7 15 22 24 25 
1 3 9 19 24 45 
3 5 6 12 41 44 
1 4 7 18 20 44 
