9 12 16 25 26 35 
2 10 16 22 31 41 
7 17 30 38 43 45 
1 7 22 25 27 37 
4 6 7 12 30 32 
4 19 26 29 31 42 
6 7 16 18 29 36 
3 8 15 28 32 44 
11 22 23 24 29 45 
7 14 19 28 36 40 
2 12 19 22 34 40 
2 9 17 19 35 45 
4 9 22 36 38 43 
12 18 19 21 39 41 
18 20 23 25 31 44 
4 11 18 37 39 42 
2 7 26 39 43 44 
3 5 7 9 21 41 
10 12 15 29 42 43 
5 13 14 25 42 43 
12 17 24 25 28 34 
13 19 24 26 33 36 
7 15 16 21 23 35 
5 13 20 29 34 37 
9 12 13 23 39 40 
12 21 33 37 38 45 
13 15 27 34 36 41 
2 7 20 24 28 42 
10 19 25 30 38 39 
9 23 26 28 29 32 
8 17 20 21 26 27 
6 8 20 22 32 35 
6 10 14 23 28 30 
4 10 13 21 24 32 
3 10 18 22 26 45 
5 16 24 27 38 39 
1 2 15 16 18 30 
2 3 6 13 23 38 
3 16 17 32 34 42 
4 15 20 26 38 41 
4 23 27 31 40 45 
9 22 27 30 34 42 
1 5 8 12 23 36 
21 23 30 34 36 37 
23 33 35 41 42 44 
3 4 14 20 34 39 
3 8 16 19 37 43 
8 24 29 30 35 41 
13 16 20 21 28 45 
7 13 31 32 37 41 
2 3 27 28 29 37 
11 12 14 16 27 44 
1 13 17 22 29 39 
3 11 15 26 30 40 
1 10 20 36 40 44 
6 11 28 39 41 43 
8 9 13 18 30 44 
8 31 36 39 42 45 
1 19 23 27 32 43 
5 22 28 30 31 33 
21 25 29 35 40 43 
10 27 32 35 36 39 
1 6 21 26 31 34 
14 15 17 31 35 37 
18 28 34 35 38 40 
3 6 25 33 36 45 
14 29 32 33 38 40 
1 4 11 13 28 35 
5 6 9 16 40 42 
6 15 17 19 29 44 
3 12 20 24 30 31 
1 9 15 24 33 39 
2 4 8 16 25 33 
7 8 10 11 33 34 
5 11 15 25 32 45 
4 24 34 43 44 45 
2 11 17 25 36 41 
2 5 14 18 26 32 
8 9 11 14 31 38 
6 24 26 37 40 44 
17 18 27 31 33 43 
4 5 10 17 40 41 
5 6 11 19 20 27 
14 15 18 21 22 24 
1 12 14 41 42 45 
3 5 22 35 38 44 
1 11 21 38 42 44 
9 10 20 33 37 43 
