2 10 21 26 31 35 
7 10 16 28 36 41 
2 7 17 30 38 43 
1 12 16 22 34 37 
6 7 12 30 39 40 
4 25 29 38 42 44 
6 10 18 21 29 41 
8 14 19 28 32 42 
14 21 29 30 40 45 
4 6 14 24 28 43 
20 21 22 32 38 45 
24 25 32 35 37 40 
4 18 22 32 36 41 
12 17 19 21 25 28 
3 16 18 34 44 45 
4 5 8 27 37 39 
7 19 35 39 44 45 
2 7 8 11 22 25 
10 15 34 38 40 42 
17 18 20 27 28 42 
8 9 15 25 31 34 
7 14 25 26 27 33 
4 7 9 16 23 31 
5 9 28 29 43 44 
1 13 15 21 28 39 
1 2 9 36 42 45 
8 21 27 35 36 43 
10 12 17 24 27 45 
10 18 23 25 33 38 
6 8 16 17 26 42 
3 5 9 20 36 40 
6 9 20 22 35 37 
23 25 26 28 30 34 
1 4 15 24 26 44 
3 11 16 21 30 42 
5 14 16 24 38 39 
2 15 16 19 27 30 
3 6 11 13 15 23 
3 7 13 24 41 42 
15 19 20 26 33 41 
17 22 23 26 40 45 
9 19 33 39 42 43 
1 5 11 17 23 36 
26 29 30 36 37 38 
5 12 23 35 41 42 
2 14 20 23 34 39 
3 4 8 10 19 22 
1 24 30 32 33 41 
8 12 16 31 43 45 
3 7 26 32 34 43 
2 3 27 28 29 37 
11 12 14 27 32 44 
2 9 12 22 24 29 
1 10 13 14 22 43 
13 16 20 25 29 36 
4 11 27 34 40 41 
8 9 13 18 30 44 
5 10 11 30 34 35 
1 19 23 27 38 43 
5 22 28 30 31 33 
15 22 23 29 35 43 
10 31 32 36 39 44 
4 6 13 14 21 38 
14 15 18 31 37 42 
3 18 28 35 38 40 
3 14 17 33 35 36 
1 7 8 29 33 40 
4 11 13 28 35 45 
1 5 6 19 31 40 
6 17 29 32 34 39 
3 4 12 20 30 31 
1 3 6 25 27 39 
2 13 16 32 33 40 
23 31 37 39 41 45 
5 15 18 25 32 45 
13 19 24 34 36 37 
2 25 40 41 43 44 
2 5 12 13 18 26 
2 6 8 38 41 45 
8 20 21 23 24 44 
13 17 22 27 31 44 
4 5 17 21 33 34 
11 18 19 24 29 31 
7 9 15 21 32 37 
9 11 12 26 38 39 
6 12 15 33 36 44 
1 7 16 18 20 35 
10 11 20 33 37 43 
9 14 17 19 37 41 
