10 13 21 32 33 35 
6 10 16 25 27 41 
7 17 23 30 38 45 
20 22 32 37 38 43 
4 12 16 30 32 41 
4 19 24 29 36 42 
6 16 18 28 29 31 
8 24 26 28 32 42 
2 8 10 22 23 39 
2 10 28 40 43 44 
10 21 22 30 34 42 
7 11 12 28 30 33 
3 4 21 22 27 38 
7 19 22 28 34 41 
3 16 32 34 37 44 
4 8 18 25 37 39 
2 7 29 35 44 45 
3 9 15 22 31 41 
12 15 18 39 42 43 
5 13 25 38 42 43 
9 15 21 25 28 34 
1 6 9 11 27 37 
4 5 7 16 21 43 
1 5 10 29 34 38 
13 15 16 23 39 40 
1 12 13 21 37 45 
7 8 15 27 35 36 
5 10 12 17 24 45 
10 26 33 37 41 42 
9 12 19 23 25 29 
5 20 26 27 30 39 
6 22 25 30 35 37 
4 9 14 23 28 30 
4 6 15 24 33 44 
1 3 30 36 42 45 
1 14 24 38 39 41 
1 2 15 16 19 30 
2 3 6 13 19 43 
2 17 18 32 40 42 
15 19 20 38 40 41 
18 24 27 34 43 45 
4 6 9 39 40 45 
2 11 23 41 42 45 
19 21 28 32 36 39 
1 18 21 23 35 41 
6 14 23 31 34 36 
4 10 14 17 19 37 
21 24 27 30 31 40 
8 14 16 20 28 45 
7 13 14 29 32 41 
3 17 27 28 29 37 
2 12 14 22 27 36 
3 10 12 15 26 29 
1 7 8 22 26 31 
1 17 20 25 29 39 
11 29 30 34 40 43 
8 9 13 18 30 44 
8 13 17 34 36 41 
1 23 27 32 33 43 
5 8 19 31 33 45 
6 12 14 26 35 43 
7 9 10 31 32 39 
11 17 21 26 31 38 
14 15 31 35 37 42 
12 18 28 36 38 40 
3 17 33 34 35 39 
22 26 29 33 40 45 
1 4 11 13 28 35 
5 9 16 20 35 42 
11 25 27 33 39 44 
12 13 20 24 31 34 
5 6 15 17 22 32 
2 16 25 31 33 38 
13 19 23 26 27 44 
11 15 20 25 32 45 
2 5 9 33 36 37 
25 26 35 36 40 44 
2 4 5 18 26 34 
6 7 11 38 42 44 
7 20 23 24 37 40 
14 17 18 20 33 44 
2 6 8 20 21 29 
3 5 11 14 19 40 
3 7 14 21 24 25 
8 9 19 24 35 38 
3 5 8 12 23 44 
4 20 31 41 43 44 
3 10 11 18 20 36 
9 16 17 26 36 43 
11 13 16 18 22 24 
