2 22 26 28 35 36 
10 16 22 25 34 41 
7 11 19 20 31 42 
1 7 12 22 27 37 
4 7 12 13 30 32 
4 16 19 29 41 43 
6 7 15 18 29 36 
2 8 28 32 34 42 
9 11 23 29 33 34 
6 19 26 28 40 43 
20 21 22 32 42 44 
10 12 18 26 37 44 
3 4 8 22 27 35 
11 12 25 28 38 41 
3 7 16 28 44 45 
4 9 18 25 32 37 
2 7 10 39 43 44 
2 9 10 14 17 35 
12 15 17 34 42 43 
5 13 14 25 42 43 
3 8 9 15 20 28 
4 7 11 26 27 34 
7 10 23 31 35 36 
1 10 28 29 38 40 
13 19 21 27 28 39 
2 6 13 21 37 45 
8 18 21 34 36 43 
6 10 24 27 42 45 
10 17 23 25 30 40 
2 12 20 23 25 29 
16 20 23 26 27 38 
6 20 22 30 35 37 
6 9 14 23 28 41 
3 10 11 21 30 39 
1 30 36 41 42 45 
5 8 12 16 24 39 
2 15 16 19 27 30 
2 3 13 23 38 42 
3 6 16 18 23 32 
7 17 26 32 38 41 
4 15 23 34 40 45 
4 9 26 33 39 42 
1 5 11 17 23 44 
19 21 24 26 32 37 
1 12 18 19 35 41 
14 20 26 30 39 45 
1 4 8 10 15 19 
2 5 24 30 41 43 
2 3 20 31 40 41 
17 18 25 27 31 45 
11 17 28 29 37 42 
25 27 29 32 36 44 
12 14 22 29 32 45 
13 15 22 26 31 40 
10 13 20 32 36 39 
14 21 27 40 41 44 
8 9 13 18 30 44 
5 8 13 17 29 45 
1 23 27 32 33 43 
5 22 28 30 31 33 
1 3 15 25 26 43 
1 9 24 31 32 39 
21 29 31 35 38 43 
4 14 31 37 38 44 
18 34 35 38 39 40 
3 14 17 19 33 36 
7 8 24 29 33 40 
1 13 14 16 34 35 
9 16 30 35 40 42 
6 19 29 34 39 44 
3 12 24 30 31 34 
15 17 22 33 39 41 
6 8 16 25 31 33 
8 23 31 37 39 41 
5 11 15 32 35 45 
5 9 27 34 36 37 
2 4 6 11 36 40 
3 5 14 18 26 29 
6 8 11 14 30 38 
3 5 19 25 37 40 
15 24 36 38 42 44 
4 5 6 12 21 33 
1 5 7 9 20 21 
7 14 15 21 24 25 
9 19 22 38 43 45 
3 13 24 33 35 44 
4 17 18 20 24 28 
10 11 20 33 37 43 
9 12 16 17 21 36 
11 13 16 18 22 24 
1 2 18 33 38 45 
