2 10 28 32 39 44 
10 22 25 34 38 41 
17 29 30 32 38 43 
1 3 7 12 15 20 
4 7 12 30 31 32 
10 14 19 29 36 42 
6 7 10 16 18 37 
8 26 28 32 41 42 
6 12 18 24 29 40 
15 23 24 28 33 36 
20 21 22 32 34 42 
3 4 16 23 32 35 
4 15 22 36 38 43 
1 16 17 21 28 41 
3 16 22 29 36 44 
4 22 27 28 33 45 
2 7 29 35 43 44 
2 3 9 22 31 40 
12 15 34 39 42 43 
5 13 14 25 27 33 
1 2 11 22 27 42 
6 7 9 26 27 42 
13 16 23 29 31 42 
1 10 26 29 31 45 
15 21 27 29 35 39 
2 12 13 21 37 45 
5 7 8 27 34 36 
10 17 24 35 42 45 
10 12 18 23 25 33 
2 7 19 20 23 25 
4 5 9 20 29 38 
6 8 20 22 35 37 
9 10 14 23 28 30 
2 4 8 21 24 42 
3 6 28 30 43 45 
5 16 24 38 39 44 
2 15 16 19 27 30 
1 2 6 8 23 38 
3 13 17 18 38 42 
6 13 15 32 33 41 
4 15 23 34 40 45 
9 18 22 30 33 39 
5 7 11 22 23 30 
19 21 30 32 36 37 
1 5 33 37 42 44 
1 14 20 26 30 39 
3 8 10 15 19 26 
4 24 26 30 40 41 
12 14 16 20 28 43 
7 14 38 41 44 45 
3 25 27 28 29 37 
11 12 26 27 36 44 
3 11 14 32 39 40 
13 19 22 26 40 43 
10 13 20 36 39 40 
5 18 21 31 41 43 
8 13 15 18 30 44 
8 12 14 17 22 45 
1 18 24 27 32 43 
5 12 13 19 28 31 
3 8 11 21 25 43 
6 25 31 36 39 45 
21 26 31 33 35 38 
14 15 17 31 35 37 
18 28 34 35 38 40 
3 7 17 19 33 39 
1 7 8 29 33 40 
1 4 11 13 35 36 
16 25 30 35 40 42 
6 17 19 23 34 44 
1 3 24 30 31 34 
1 9 19 35 43 45 
8 9 16 25 33 34 
8 23 27 31 39 41 
5 9 11 15 32 45 
9 13 24 34 37 41 
2 11 17 25 36 41 
2 5 14 18 26 34 
6 11 14 16 31 38 
9 21 23 37 40 44 
17 20 27 31 40 44 
4 5 6 10 17 21 
11 18 19 20 29 41 
7 14 15 21 24 25 
9 12 19 27 37 38 
3 5 6 12 35 41 
1 4 18 19 25 44 
10 11 20 33 37 43 
9 16 17 18 26 36 
7 11 13 17 24 28 
2 20 24 32 33 45 
4 11 26 34 37 39 
