2 10 13 21 26 42 
10 16 22 25 31 41 
1 7 17 30 38 45 
7 12 19 22 37 41 
4 14 26 30 31 40 
4 13 24 29 35 37 
6 7 10 18 21 29 
8 26 28 32 41 42 
11 19 23 29 31 38 
10 19 28 32 36 40 
8 14 18 21 22 32 
2 8 12 18 19 35 
4 10 22 36 38 43 
3 4 17 21 28 41 
9 16 20 38 41 44 
4 8 27 37 39 42 
2 7 35 39 43 44 
2 3 9 22 31 34 
12 15 34 39 42 43 
5 13 14 17 25 43 
7 8 15 20 24 30 
7 9 26 28 43 45 
4 7 16 21 23 31 
1 5 10 12 28 29 
13 15 21 27 39 44 
12 21 30 34 37 38 
7 27 33 34 35 36 
1 9 17 19 27 42 
10 23 25 33 40 44 
9 12 15 25 29 32 
5 20 22 26 27 30 
6 11 17 20 22 35 
9 14 23 28 30 35 
2 8 22 29 36 44 
3 6 30 36 42 45 
5 14 16 24 38 39 
2 15 16 19 27 30 
2 3 6 13 23 38 
3 7 32 33 38 42 
15 18 33 35 38 41 
4 15 22 23 40 45 
23 29 30 33 42 43 
5 8 15 17 23 36 
19 21 24 30 33 36 
1 12 23 24 35 41 
1 2 14 20 23 34 
3 10 14 15 19 34 
1 2 5 37 38 40 
6 12 14 16 43 45 
5 7 13 19 31 32 
25 27 28 29 38 45 
11 12 14 27 36 44 
3 19 22 26 29 39 
12 13 17 26 40 44 
13 20 29 36 39 40 
11 27 34 40 41 43 
9 13 18 29 30 41 
8 10 13 20 34 45 
18 23 24 27 32 43 
2 4 10 11 17 39 
1 3 21 25 40 43 
1 9 31 32 36 39 
6 21 26 31 35 38 
14 15 31 35 37 42 
2 6 18 28 34 40 
6 14 17 33 39 41 
7 8 11 14 29 40 
1 11 15 16 26 44 
5 9 16 35 40 42 
4 5 6 19 44 45 
3 12 20 24 28 31 
1 6 15 22 28 33 
1 8 13 16 25 33 
5 21 34 39 41 45 
3 11 15 18 37 45 
4 6 9 10 24 27 
2 7 25 36 37 41 
4 5 18 25 26 34 
6 8 11 25 30 32 
6 20 23 26 37 39 
17 18 27 31 33 45 
5 9 11 12 21 33 
11 18 19 20 25 42 
22 24 25 34 42 44 
8 9 17 24 38 40 
3 5 10 30 35 44 
1 4 18 20 32 44 
9 10 20 33 37 43 
3 16 17 18 26 36 
11 13 16 22 24 28 
2 24 26 32 33 45 
16 17 29 32 34 37 
8 28 31 37 43 44 
