2 10 13 21 26 35 
10 16 22 25 31 41 
7 17 30 38 43 45 
10 12 22 27 36 42 
4 12 24 30 31 32 
4 12 19 29 33 39 
6 18 29 30 36 41 
8 24 26 28 32 42 
11 23 24 29 31 42 
28 31 36 40 43 44 
4 20 21 28 34 42 
8 18 21 34 35 45 
2 3 4 36 38 41 
3 12 14 17 28 37 
3 16 27 41 44 45 
4 24 25 27 37 39 
7 24 29 35 43 44 
2 5 19 31 43 45 
12 15 26 34 39 43 
5 6 13 25 42 43 
15 17 25 28 34 44 
7 19 26 27 28 33 
4 6 16 17 23 26 
1 10 28 29 38 45 
13 21 28 29 39 41 
12 13 25 37 38 45 
5 7 8 16 34 36 
9 14 27 29 40 43 
22 23 25 33 38 44 
7 11 12 23 26 40 
5 20 26 29 32 38 
6 17 20 22 35 37 
9 10 14 23 28 30 
3 4 5 21 22 27 
3 25 26 30 42 45 
1 5 16 24 38 39 
2 15 16 27 30 35 
2 3 18 20 23 28 
10 16 18 32 33 42 
15 17 19 20 32 41 
4 23 32 34 40 45 
4 6 7 9 15 33 
5 13 15 23 27 36 
19 21 30 32 36 37 
1 12 23 35 41 42 
2 5 7 17 39 42 
4 8 10 15 19 43 
2 9 22 24 26 41 
12 16 20 21 22 43 
7 13 18 32 40 41 
3 8 15 26 29 31 
2 10 11 12 32 44 
3 22 29 32 34 44 
13 14 16 19 36 40 
10 20 27 30 39 40 
1 11 19 27 34 41 
8 9 13 20 30 44 
10 13 17 24 33 34 
1 21 23 27 32 43 
1 5 28 30 33 35 
1 3 6 9 34 43 
9 25 32 35 36 39 
11 21 26 31 33 38 
14 15 31 35 38 42 
18 34 37 38 40 42 
3 11 14 33 36 39 
1 8 22 33 40 45 
4 8 11 13 17 35 
9 16 21 37 42 44 
6 13 19 39 44 45 
1 3 7 13 20 31 
7 15 18 22 28 39 
2 8 16 25 29 33 
8 23 31 37 39 41 
5 9 11 15 18 45 
6 7 10 31 34 37 
9 17 21 25 31 40 
2 11 14 22 30 34 
6 8 14 27 32 38 
1 2 15 29 37 40 
12 17 18 27 31 44 
5 6 12 14 21 41 
11 18 19 20 25 30 
7 14 15 21 24 25 
8 9 12 19 24 38 
3 10 19 24 35 40 
1 4 14 18 20 44 
11 20 33 37 41 43 
1 9 17 18 26 36 
13 18 22 23 24 43 
2 6 20 24 36 45 
14 17 19 22 29 42 
5 10 14 26 37 44 
6 11 16 28 35 40 
