2 6 10 13 26 33 
10 16 22 25 31 41 
7 17 30 38 43 45 
1 7 12 20 22 37 
2 4 12 23 24 32 
7 10 21 34 36 42 
6 7 15 18 29 36 
8 26 28 32 42 44 
11 18 22 23 35 45 
9 24 28 33 36 43 
2 21 22 29 38 42 
2 4 5 8 37 40 
3 4 22 32 36 43 
4 14 21 39 40 44 
3 16 20 34 44 45 
4 11 16 17 39 45 
2 7 35 39 43 44 
2 3 9 21 27 45 
6 12 15 34 39 43 
4 13 25 27 37 38 
8 12 15 20 25 28 
4 7 9 26 27 34 
2 9 18 20 31 43 
4 5 10 28 29 45 
13 15 21 28 39 41 
12 13 18 21 37 45 
8 27 30 34 35 36 
2 10 17 20 24 34 
18 23 25 26 33 38 
2 5 7 12 19 25 
5 8 20 21 22 30 
6 9 22 32 35 37 
9 10 14 23 28 30 
15 17 22 24 27 44 
8 24 27 31 42 45 
1 5 16 24 38 39 
1 2 15 16 19 30 
3 6 21 23 31 38 
17 18 25 32 39 42 
19 20 32 33 35 41 
15 22 25 34 40 45 
4 15 30 33 35 42 
1 5 17 23 36 44 
19 21 30 32 36 37 
1 26 35 41 42 45 
6 20 23 27 30 39 
4 10 15 19 26 38 
12 24 29 30 41 43 
12 14 20 36 38 45 
7 17 31 32 40 41 
3 17 18 27 28 37 
11 12 27 38 41 44 
3 19 22 24 26 39 
5 21 26 40 41 43 
13 20 29 36 39 40 
1 19 27 28 40 43 
8 9 13 19 22 44 
3 7 8 13 15 23 
1 10 13 23 32 43 
5 22 28 31 33 39 
1 3 9 11 25 29 
7 9 10 37 38 39 
1 11 21 24 31 34 
2 14 15 31 37 44 
18 28 34 35 38 40 
10 11 14 27 33 40 
1 7 8 29 33 40 
1 4 13 31 35 36 
9 12 16 23 40 42 
6 25 29 30 32 44 
3 12 26 30 31 40 
1 6 14 17 22 26 
3 16 25 33 42 43 
1 8 10 18 39 41 
5 9 15 32 33 45 
5 6 9 13 34 41 
2 11 25 28 36 41 
5 14 16 18 27 32 
8 11 14 32 34 38 
6 10 24 37 40 42 
18 19 31 33 34 44 
4 6 12 17 21 33 
5 11 19 20 23 42 
7 14 21 24 25 35 
9 17 19 29 35 38 
3 5 10 12 35 44 
3 4 14 18 20 41 
11 15 20 26 37 43 
8 16 17 26 36 37 
11 13 16 18 24 30 
2 16 26 27 29 35 
23 29 33 34 37 41 
6 8 14 19 43 45 
6 7 11 16 19 28 
13 14 17 29 31 42 
