9 10 13 21 25 26 
6 10 16 22 25 41 
7 17 30 38 43 45 
7 12 22 27 31 37 
4 18 30 34 41 44 
4 16 17 19 29 30 
6 7 10 18 29 36 
7 16 32 33 34 44 
11 21 23 30 31 39 
19 22 28 40 43 44 
20 21 22 34 38 42 
10 12 14 19 25 35 
4 22 26 36 38 43 
11 21 25 28 41 45 
3 8 10 30 37 44 
4 25 27 37 38 39 
2 7 21 35 39 43 
3 9 15 21 22 24 
7 12 15 25 42 44 
2 5 13 19 22 25 
8 13 17 32 38 40 
4 7 19 26 27 28 
7 16 23 24 25 31 
1 5 10 29 38 41 
13 24 28 29 42 44 
2 13 18 28 37 45 
8 15 27 34 35 36 
10 17 24 27 28 31 
12 18 23 33 38 40 
9 11 12 13 23 29 
5 7 8 11 26 42 
6 11 17 35 37 41 
6 9 14 23 28 30 
2 4 9 12 24 32 
1 18 19 31 36 42 
5 16 24 36 38 39 
2 5 15 16 28 30 
2 3 6 19 23 38 
3 17 18 25 32 42 
3 7 13 15 33 41 
4 15 23 36 40 45 
9 30 33 35 42 43 
1 5 17 22 23 44 
19 21 30 32 36 37 
23 24 26 32 35 41 
2 7 14 20 23 34 
1 4 8 13 14 21 
8 12 17 20 28 43 
12 14 16 41 43 45 
1 7 8 9 19 40 
3 4 14 29 42 45 
10 11 14 32 36 44 
12 22 29 32 34 39 
14 22 27 30 39 40 
4 10 13 20 39 40 
2 11 20 29 43 44 
8 9 20 31 41 44 
8 24 25 30 34 45 
10 23 27 32 42 43 
4 5 31 32 33 41 
1 3 25 29 40 43 
9 20 25 28 33 36 
1 2 14 26 27 42 
13 14 15 19 31 38 
3 10 28 34 35 38 
3 14 17 33 36 39 
17 22 24 29 35 45 
1 12 13 30 35 36 
2 17 21 26 34 40 
6 19 26 39 44 45 
3 12 20 26 30 31 
1 6 15 28 32 39 
1 9 16 37 38 44 
8 16 23 37 39 42 
5 11 15 20 32 45 
5 9 27 34 40 45 
2 11 36 40 41 42 
5 6 13 31 34 43 
6 11 15 24 27 38 
3 6 20 24 37 40 
13 16 20 27 33 45 
5 6 12 21 33 42 
18 19 20 27 29 41 
8 15 16 18 21 43 
10 12 15 17 34 37 
3 5 21 27 35 44 
1 4 6 7 20 35 
1 2 10 31 33 45 
9 17 18 26 39 41 
3 4 11 16 18 22 
8 18 22 28 33 35 
15 23 26 29 33 37 
5 14 18 24 37 43 
11 16 26 31 35 40 
2 6 8 25 29 31 
1 11 19 24 33 34 
