6 10 13 25 26 34 
10 14 22 25 31 41 
7 30 38 41 43 45 
1 7 12 22 28 37 
4 7 17 25 32 35 
4 10 16 19 29 42 
7 15 16 18 29 36 
7 11 26 28 32 42 
11 21 23 29 40 45 
10 20 33 36 38 44 
19 20 22 34 42 43 
1 2 21 25 26 30 
3 4 15 22 32 36 
3 18 19 21 25 28 
3 16 27 41 44 45 
2 4 8 11 39 42 
2 7 10 37 39 43 
2 3 9 11 31 34 
15 24 25 33 37 43 
5 13 25 42 44 45 
8 9 15 17 20 25 
9 20 26 27 37 41 
4 16 23 26 31 34 
1 9 28 35 38 45 
13 15 28 29 41 43 
9 12 13 16 21 32 
7 8 21 34 35 36 
10 17 19 24 31 45 
4 10 12 18 38 40 
2 7 12 19 23 44 
5 8 16 22 26 38 
2 21 27 29 32 35 
9 10 14 23 28 30 
4 9 21 22 24 44 
1 3 30 34 36 42 
16 24 25 34 38 39 
2 15 16 19 27 30 
2 3 13 23 33 38 
3 17 18 37 42 45 
15 32 33 34 41 44 
4 19 35 37 40 41 
9 30 33 35 39 42 
6 17 22 23 35 38 
1 8 24 30 32 40 
6 12 23 36 41 42 
5 17 18 27 34 39 
3 8 10 26 35 44 
2 5 6 10 24 29 
12 14 16 20 43 45 
5 7 9 13 31 40 
6 8 14 15 27 37 
11 12 25 27 36 38 
3 12 22 26 29 39 
11 13 19 26 35 43 
13 20 36 39 40 45 
4 6 8 28 33 43 
8 13 18 30 37 44 
16 17 22 28 30 40 
1 10 23 27 32 43 
11 24 28 31 36 37 
3 9 25 29 40 43 
8 29 31 32 36 45 
15 21 26 31 38 42 
5 14 19 32 37 38 
2 20 28 38 40 42 
3 7 14 19 33 39 
7 8 22 27 33 40 
1 4 13 20 24 27 
1 6 9 18 19 41 
6 17 28 32 39 44 
3 6 12 20 30 31 
1 4 6 15 39 45 
1 16 18 25 31 33 
8 21 23 31 39 41 
5 10 11 12 15 30 
5 6 9 22 30 37 
2 14 17 36 40 41 
14 15 18 23 26 40 
4 14 29 30 38 44 
19 20 23 25 32 39 
18 27 31 42 43 44 
4 5 12 17 21 33 
5 18 20 29 35 41 
6 7 14 21 24 42 
8 12 19 24 28 34 
3 5 15 23 24 35 
1 7 11 17 20 44 
10 11 16 20 21 37 
9 17 24 26 36 43 
11 13 18 22 24 41 
5 26 27 28 33 45 
13 17 23 29 34 37 
1 5 14 21 36 43 
6 11 16 35 40 44 
2 12 13 14 31 35 
1 11 14 29 33 34 
2 18 22 32 34 45 
