2 13 20 23 28 45 
6 16 21 31 34 43 
7 17 30 38 43 45 
1 7 12 22 37 45 
2 3 30 31 32 37 
4 16 19 22 23 40 
6 11 15 23 29 36 
22 26 28 32 42 44 
2 11 29 34 40 45 
8 11 28 36 40 43 
5 8 18 20 22 31 
11 12 18 25 26 39 
4 15 22 31 36 38 
3 10 14 17 21 28 
3 8 16 34 41 45 
4 8 37 38 39 42 
2 7 35 39 43 44 
2 3 9 11 22 36 
9 12 15 20 34 42 
3 5 13 19 42 43 
9 17 22 25 32 34 
4 25 27 28 34 43 
3 4 7 8 23 26 
1 5 10 28 29 38 
13 18 19 21 39 41 
2 6 8 9 12 21 
8 10 34 35 36 42 
8 12 17 24 27 45 
6 23 33 38 40 42 
6 7 19 22 25 41 
16 20 25 26 38 44 
6 20 22 30 35 37 
9 15 18 23 28 30 
2 4 10 15 24 44 
16 18 30 36 42 45 
5 14 16 30 38 39 
2 15 16 19 20 27 
1 3 18 23 38 43 
3 17 18 32 40 42 
19 20 32 35 38 41 
4 6 13 14 33 45 
7 12 27 28 29 33 
5 11 21 22 23 44 
16 21 23 32 36 37 
1 12 23 25 35 42 
1 14 20 23 34 39 
10 12 16 40 41 44 
4 5 24 29 41 43 
12 14 26 32 35 43 
7 9 13 27 38 41 
3 6 26 28 37 41 
12 13 14 30 36 44 
3 10 12 22 29 39 
13 15 22 26 40 43 
6 20 24 29 39 40 
11 21 27 30 41 42 
4 8 9 29 30 44 
6 10 13 17 25 30 
10 23 24 26 27 30 
28 30 31 33 35 40 
3 15 21 25 29 35 
9 24 25 31 39 43 
10 19 21 26 31 33 
8 13 15 27 31 37 
18 21 24 34 35 38 
2 4 17 19 33 39 
1 5 7 13 32 40 
1 4 11 13 31 35 
5 7 9 10 16 42 
19 29 32 36 44 45 
3 7 20 24 31 36 
1 6 15 28 32 39 
1 2 8 16 25 33 
10 23 31 39 41 45 
5 11 15 25 32 45 
5 27 33 36 37 39 
2 14 25 36 40 41 
2 5 6 18 26 34 
6 8 11 14 32 38 
1 9 21 37 40 44 
1 17 18 27 29 31 
4 5 12 17 20 21 
9 14 19 27 40 45 
7 14 15 21 24 42 
12 19 24 28 37 38 
3 5 6 27 35 44 
4 10 18 20 27 32 
10 11 20 33 37 43 
1 9 17 26 36 41 
11 13 16 22 24 33 
9 24 26 33 35 45 
13 17 23 29 34 37 
8 14 18 19 25 37 
7 11 16 17 28 35 
2 14 26 29 31 42 
1 11 19 24 30 34 
7 14 18 33 34 44 
15 17 33 41 43 44 
