2 10 13 26 28 38 
8 10 14 16 22 31 
11 17 30 38 43 45 
1 7 12 22 27 37 
4 10 12 30 32 38 
16 17 19 22 29 42 
6 7 10 25 29 42 
8 26 28 32 40 42 
11 26 29 31 39 45 
7 19 28 31 44 45 
20 21 22 32 33 35 
12 18 19 25 35 39 
6 15 29 36 38 44 
4 11 12 17 21 28 
10 16 32 39 44 45 
4 8 37 38 39 42 
2 7 35 39 43 44 
2 9 22 31 38 41 
12 15 34 39 42 43 
5 7 13 30 34 42 
9 20 25 28 34 44 
6 9 20 26 27 43 
4 7 13 16 23 31 
1 5 10 29 34 41 
13 14 21 28 39 41 
2 9 12 13 37 45 
7 8 24 34 35 36 
10 15 17 20 24 41 
10 18 21 33 40 42 
9 11 12 23 25 29 
5 14 21 35 38 45 
4 6 22 25 37 41 
9 10 14 23 28 30 
2 4 21 24 29 44 
3 30 36 41 42 45 
5 16 18 37 38 39 
2 15 16 19 20 30 
2 3 6 23 24 43 
3 17 24 27 31 32 
13 19 20 23 33 38 
4 15 23 34 40 45 
4 6 11 33 42 44 
1 5 17 22 23 44 
19 21 23 32 36 37 
1 12 23 26 35 41 
6 21 23 27 30 39 
4 10 19 26 27 35 
4 5 24 28 41 43 
12 14 16 20 36 43 
6 7 14 32 40 41 
3 15 27 28 29 37 
2 11 14 27 36 42 
3 10 22 34 39 40 
13 19 22 25 26 43 
13 20 29 36 39 40 
11 16 27 34 41 44 
8 9 13 18 30 44 
6 8 10 13 17 45 
1 18 27 29 32 43 
5 22 28 30 33 36 
21 29 30 31 40 43 
1 9 24 31 36 39 
12 26 31 33 34 38 
14 15 31 35 37 42 
7 17 18 27 28 38 
3 7 14 17 33 39 
8 9 19 27 33 41 
1 3 4 13 35 36 
1 3 9 16 21 42 
3 6 18 19 34 37 
3 20 25 30 31 35 
1 6 15 28 32 33 
1 2 8 16 25 33 
18 31 41 42 43 44 
5 9 11 15 32 35 
17 26 30 32 37 44 
2 17 25 36 40 41 
2 4 5 14 18 26 
3 8 11 25 32 38 
14 20 23 37 40 44 
5 13 15 25 27 40 
5 6 17 20 21 31 
23 24 25 27 42 45 
7 15 21 25 26 36 
7 9 19 24 38 40 
3 5 10 12 19 44 
1 4 7 18 20 45 
7 10 11 33 37 43 
4 9 16 17 34 36 
11 13 15 18 22 24 
16 24 26 33 37 45 
17 23 29 33 34 35 
1 8 14 21 34 43 
6 11 16 28 35 40 
2 5 8 12 20 29 
1 11 14 19 24 30 
2 18 22 32 34 45 
6 8 12 22 24 40 
3 8 15 18 23 26 
